  0.00   1.00   0.00 
  0.50   1.00   0.00 
  1.00   1.00   0.00 
  1.50   1.00   0.00 
  2.00   1.00   0.00 
  2.50   1.00   0.00 
  3.00   1.00   0.00 
  3.50   1.00   0.00 
  4.00   1.00   0.00 
  4.50   1.00   0.00 
  5.00   1.00   0.00 
  5.50   1.00   0.00 
  6.00   1.00   0.00 
  6.50   1.00   0.00 
  7.00   1.00   0.00 
  7.50   1.00   0.00 
  8.00   1.00   0.00 
  8.50   1.00   0.00 
  9.00   1.00   0.00 
  9.50   1.00   0.00 
 10.00   1.00   0.00 
 10.50   1.00   0.00 
 11.00   1.00   0.00 
 11.50   1.00   0.01 
 12.00   1.00   0.01 
 12.50   1.00   0.01 
 13.00   1.00   0.02 
 13.50   1.00   0.03 
 14.00   1.00   0.04 
 14.50   1.00   0.04 
 15.00   1.00   0.06 
 15.50   1.00   0.07 
 16.00   1.00   0.08 
 16.50   1.00   0.09 
 17.00   1.00   0.10 
 17.50   1.00   0.12 
 18.00   1.00   0.13 
 18.50   1.00   0.15 
 19.00   1.00   0.17 
 19.50   1.00   0.19 
 20.00   1.00   0.20 
 20.50   1.00   0.22 
 21.00   1.00   0.24 
 21.50   1.00   0.26 
 22.00   1.00   0.28 
 22.50   1.00   0.31 
 23.00   1.00   0.33 
 23.50   1.00   0.35 
 24.00   1.00   0.38 
 24.50   1.00   0.40 
 25.00   1.00   0.42 
 25.50   1.00   0.45 
 26.00   1.00   0.48 
 26.50   1.00   0.50 
 27.00   1.00   0.53 
 27.50   1.00   0.56 
 28.00   1.00   0.58 
 28.50   1.00   0.61 
 29.00   1.00   0.64 
 29.50   1.00   0.67 
 30.00   1.00   0.70 
 30.50   1.00   0.73 
 31.00   1.00   0.76 
 31.50   1.00   0.79 
 32.00   1.00   0.82 
 32.50   1.00   0.85 
 33.00   1.00   0.89 
 33.50   1.00   0.92 
 34.00   1.00   0.95 
 34.50   1.00   0.98 
 35.00   1.00   1.02 
 35.50   1.00   1.05 
 36.00   1.00   1.08 
 36.50   1.00   1.12 
 37.00   1.00   1.15 
 37.50   1.00   1.18 
 38.00   1.00   1.22 
 38.50   1.00   1.25 
 39.00   1.00   1.29 
 39.50   1.00   1.32 
 40.00   1.00   1.36 
 40.50   1.00   1.39 
 41.00   1.00   1.43 
 41.50   1.00   1.47 
 42.00   1.00   1.50 
 42.50   1.00   1.54 
 43.00   1.00   1.57 
 43.50   1.00   1.61 
 44.00   1.00   1.65 
 44.50   1.00   1.68 
 45.00   1.00   1.72 
 45.50   1.00   1.76 
 46.00   1.00   1.80 
 46.50   1.00   1.83 
 47.00   1.00   1.87 
 47.50   1.00   1.91 
 48.00   1.00   1.94 
 48.50   1.00   1.98 
 49.00   1.00   2.02 
 49.50   1.00   2.06 
 50.00   1.00   2.09 
 50.50   1.00   2.13 
 51.00   1.00   2.17 
 51.50   1.00   2.21 
 52.00   1.00   2.25 
 52.50   1.00   2.28 
 53.00   1.00   2.32 
 53.50   1.00   2.36 
 54.00   1.00   2.40 
 54.50   1.00   2.43 
 55.00   1.00   2.47 
 55.50   1.00   2.51 
 56.00   1.00   2.55 
 56.50   1.00   2.59 
 57.00   1.00   2.62 
 57.50   1.00   2.66 
 58.00   1.00   2.70 
 58.50   1.00   2.74 
 59.00   1.00   2.77 
 59.50   1.00   2.81 
 60.00   1.00   2.85 
 60.50   1.00   2.89 
 61.00   1.00   2.92 
 61.50   1.00   2.96 
 62.00   1.00   3.00 
 62.50   1.00   3.04 
 63.00   1.00   3.07 
 63.50   1.00   3.11 
 64.00   1.00   3.15 
 64.50   1.00   3.19 
 65.00   1.00   3.22 
 65.50   1.00   3.26 
 66.00   1.00   3.30 
 66.50   1.00   3.33 
 67.00   1.00   3.37 
 67.50   1.00   3.41 
 68.00   1.00   3.44 
 68.50   1.00   3.48 
 69.00   1.00   3.52 
 69.50   1.00   3.55 
 70.00   1.00   3.59 
 70.50   1.00   3.62 
 71.00   1.00   3.66 
 71.50   1.00   3.70 
 72.00   1.00   3.73 
 72.50   1.00   3.77 
 73.00   1.00   3.80 
 73.50   1.00   3.84 
 74.00   1.00   3.87 
 74.50   1.00   3.91 
 75.00   1.00   3.94 
 75.50   1.00   3.98 
 76.00   1.00   4.01 
 76.50   1.00   4.05 
 77.00   1.00   4.08 
 77.50   1.00   4.12 
 78.00   1.00   4.15 
 78.50   1.00   4.19 
 79.00   1.00   4.22 
 79.50   1.00   4.26 
 80.00   1.00   4.29 
 80.50   1.00   4.32 
 81.00   1.00   4.36 
 81.50   1.00   4.39 
 82.00   1.00   4.42 
 82.50   1.00   4.46 
 83.00   1.00   4.49 
 83.50   1.00   4.52 
 84.00   1.00   4.56 
 84.50   1.00   4.59 
 85.00   1.00   4.62 
 85.50   1.00   4.65 
 86.00   1.00   4.69 
 86.50   1.00   4.72 
 87.00   1.00   4.75 
 87.50   1.00   4.78 
 88.00   1.00   4.81 
 88.50   1.00   4.85 
 89.00   1.00   4.88 
 89.50   1.00   4.91 
 90.00   1.00   4.94 
 90.50   1.00   4.97 
 91.00   1.00   5.00 
 91.50   1.00   5.03 
 92.00   1.00   5.06 
 92.50   1.00   5.09 
 93.00   1.00   5.12 
 93.50   1.00   5.16 
 94.00   1.00   5.19 
 94.50   1.00   5.22 
 95.00   1.00   5.24 
 95.50   1.00   5.27 
 96.00   1.00   5.30 
 96.50   1.00   5.33 
 97.00   1.00   5.36 
 97.50   1.00   5.39 
 98.00   1.00   5.42 
 98.50   1.00   5.45 
 99.00   1.00   5.48 
 99.50   1.00   5.51 
100.00   1.00   5.54 
100.50   1.00   5.56 
101.00   1.00   5.59 
101.50   1.00   5.62 
102.00   1.00   5.65 
102.50   1.00   5.68 
103.00   1.00   5.70 
103.50   1.00   5.73 
104.00   1.00   5.76 
104.50   1.00   5.78 
105.00   1.00   5.81 
105.50   1.00   5.84 
106.00   1.00   5.87 
106.50   1.00   5.89 
107.00   1.00   5.92 
107.50   1.00   5.94 
108.00   1.00   5.97 
108.50   1.00   6.00 
109.00   1.00   6.02 
109.50   1.00   6.05 
110.00   1.00   6.07 
110.50   1.00   6.10 
111.00   1.00   6.12 
111.50   1.00   6.15 
112.00   1.00   6.17 
112.50   1.00   6.20 
113.00   1.00   6.22 
113.50   1.00   6.25 
114.00   1.00   6.27 
114.50   1.00   6.30 
115.00   1.00   6.32 
115.50   1.00   6.35 
116.00   1.00   6.37 
116.50   1.00   6.39 
117.00   1.00   6.42 
117.50   1.00   6.44 
118.00   1.00   6.46 
118.50   1.00   6.49 
119.00   1.00   6.51 
119.50   1.00   6.53 
120.00   1.00   6.56 
120.50   1.00   6.58 
121.00   1.00   6.60 
121.50   1.00   6.62 
122.00   1.00   6.65 
122.50   1.00   6.67 
123.00   1.00   6.69 
123.50   1.00   6.71 
124.00   1.00   6.73 
124.50   1.00   6.76 
125.00   1.00   6.78 
125.50   1.00   6.80 
126.00   1.00   6.82 
126.50   1.00   6.84 
127.00   1.00   6.86 
127.50   1.00   6.88 
128.00   1.00   6.90 
128.50   1.00   6.92 
129.00   1.00   6.95 
129.50   1.00   6.97 
130.00   1.00   6.99 
130.50   1.00   7.01 
131.00   1.00   7.03 
131.50   1.00   7.05 
132.00   1.00   7.07 
132.50   1.00   7.09 
133.00   1.00   7.10 
133.50   1.00   7.12 
134.00   1.00   7.14 
134.50   1.00   7.16 
135.00   1.00   7.18 
135.50   1.00   7.20 
136.00   1.00   7.22 
136.50   1.00   7.24 
137.00   1.00   7.26 
137.50   1.00   7.28 
138.00   1.00   7.29 
138.50   1.00   7.31 
139.00   1.00   7.33 
139.50   1.00   7.35 
140.00   1.00   7.37 
140.50   1.00   7.38 
141.00   1.00   7.40 
141.50   1.00   7.42 
142.00   1.00   7.44 
142.50   1.00   7.45 
143.00   1.00   7.47 
143.50   1.00   7.49 
144.00   1.00   7.51 
144.50   1.00   7.52 
145.00   1.00   7.54 
145.50   1.00   7.56 
146.00   1.00   7.57 
146.50   1.00   7.59 
147.00   1.00   7.61 
147.50   1.00   7.62 
148.00   1.00   7.64 
148.50   1.00   7.65 
149.00   1.00   7.67 
149.50   1.00   7.69 
150.00   1.00   7.70 
150.50   1.00   7.72 
151.00   1.00   7.73 
151.50   1.00   7.75 
152.00   1.00   7.76 
152.50   1.00   7.78 
153.00   1.00   7.79 
153.50   1.00   7.81 
154.00   1.00   7.82 
154.50   1.00   7.84 
155.00   1.00   7.85 
155.50   1.00   7.87 
156.00   1.00   7.88 
156.50   1.00   7.90 
157.00   1.00   7.91 
157.50   1.00   7.93 
158.00   1.00   7.94 
158.50   1.00   7.96 
159.00   1.00   7.97 
159.50   1.00   7.98 
160.00   1.00   8.00 
160.50   1.00   8.01 
161.00   1.00   8.02 
161.50   1.00   8.04 
162.00   1.00   8.05 
162.50   1.00   8.07 
163.00   1.00   8.08 
163.50   1.00   8.09 
164.00   1.00   8.11 
164.50   1.00   8.12 
165.00   1.00   8.13 
165.50   1.00   8.14 
166.00   1.00   8.16 
166.50   1.00   8.17 
167.00   1.00   8.18 
167.50   1.00   8.19 
168.00   1.00   8.21 
168.50   1.00   8.22 
169.00   1.00   8.23 
169.50   1.00   8.24 
170.00   1.00   8.26 
170.50   1.00   8.27 
171.00   1.00   8.28 
171.50   1.00   8.29 
172.00   1.00   8.30 
172.50   1.00   8.32 
173.00   1.00   8.33 
173.50   1.00   8.34 
174.00   1.00   8.35 
174.50   1.00   8.36 
175.00   1.00   8.37 
175.50   1.00   8.38 
176.00   1.00   8.40 
176.50   1.00   8.41 
177.00   1.00   8.42 
177.50   1.00   8.43 
178.00   1.00   8.44 
178.50   1.00   8.45 
179.00   1.00   8.46 
179.50   1.00   8.47 
180.00   1.00   8.48 
180.50   1.00   8.49 
181.00   1.00   8.50 
181.50   1.00   8.51 
182.00   1.00   8.52 
182.50   1.00   8.54 
183.00   1.00   8.55 
183.50   1.00   8.56 
184.00   1.00   8.57 
184.50   1.00   8.58 
185.00   1.00   8.59 
185.50   1.00   8.60 
186.00   1.00   8.61 
186.50   1.00   8.61 
187.00   1.00   8.62 
187.50   1.00   8.63 
188.00   1.00   8.64 
188.50   1.00   8.65 
189.00   1.00   8.66 
189.50   1.00   8.67 
190.00   1.00   8.68 
190.50   1.00   8.69 
191.00   1.00   8.70 
191.50   1.00   8.71 
192.00   1.00   8.72 
192.50   1.00   8.73 
193.00   1.00   8.74 
193.50   1.00   8.74 
194.00   1.00   8.75 
194.50   1.00   8.76 
195.00   1.00   8.77 
195.50   1.00   8.78 
196.00   1.00   8.79 
196.50   1.00   8.80 
197.00   1.00   8.80 
197.50   1.00   8.81 
198.00   1.00   8.82 
198.50   1.00   8.83 
199.00   1.00   8.84 
199.50   1.00   8.85 
200.00   1.00   8.85 
200.50   1.00   8.86 
201.00   1.00   8.87 
201.50   1.00   8.88 
202.00   1.00   8.89 
202.50   1.00   8.89 
203.00   1.00   8.90 
203.50   1.00   8.91 
204.00   1.00   8.92 
204.50   1.00   8.92 
205.00   1.00   8.93 
205.50   1.00   8.94 
206.00   1.00   8.95 
206.50   1.00   8.95 
207.00   1.00   8.96 
207.50   1.00   8.97 
208.00   1.00   8.98 
208.50   1.00   8.98 
209.00   1.00   8.99 
209.50   1.00   9.00 
210.00   1.00   9.00 
210.50   1.00   9.01 
211.00   1.00   9.02 
211.50   1.00   9.03 
212.00   1.00   9.03 
212.50   1.00   9.04 
213.00   1.00   9.05 
213.50   1.00   9.05 
214.00   1.00   9.06 
214.50   1.00   9.07 
215.00   1.00   9.07 
215.50   1.00   9.08 
216.00   1.00   9.09 
216.50   1.00   9.09 
217.00   1.00   9.10 
217.50   1.00   9.10 
218.00   1.00   9.11 
218.50   1.00   9.12 
219.00   1.00   9.12 
219.50   1.00   9.13 
220.00   1.00   9.14 
220.50   1.00   9.14 
221.00   1.00   9.15 
221.50   1.00   9.15 
222.00   1.00   9.16 
222.50   1.00   9.17 
223.00   1.00   9.17 
223.50   1.00   9.18 
224.00   1.00   9.18 
224.50   1.00   9.19 
225.00   1.00   9.19 
225.50   1.00   9.20 
226.00   1.00   9.21 
226.50   1.00   9.21 
227.00   1.00   9.22 
227.50   1.00   9.22 
228.00   1.00   9.23 
228.50   1.00   9.23 
229.00   1.00   9.24 
229.50   1.00   9.24 
230.00   1.00   9.25 
230.50   1.00   9.25 
231.00   1.00   9.26 
231.50   1.00   9.27 
232.00   1.00   9.27 
232.50   1.00   9.28 
233.00   1.00   9.28 
233.50   1.00   9.29 
234.00   1.00   9.29 
234.50   1.00   9.30 
235.00   1.00   9.30 
235.50   1.00   9.31 
236.00   1.00   9.31 
236.50   1.00   9.32 
237.00   1.00   9.32 
237.50   1.00   9.33 
238.00   1.00   9.33 
238.50   1.00   9.33 
239.00   1.00   9.34 
239.50   1.00   9.34 
240.00   1.00   9.35 
240.50   1.00   9.35 
241.00   1.00   9.36 
241.50   1.00   9.36 
242.00   1.00   9.37 
242.50   1.00   9.37 
243.00   1.00   9.38 
243.50   1.00   9.38 
244.00   1.00   9.38 
244.50   1.00   9.39 
245.00   1.00   9.39 
245.50   1.00   9.40 
246.00   1.00   9.40 
246.50   1.00   9.41 
247.00   1.00   9.41 
247.50   1.00   9.41 
248.00   1.00   9.42 
248.50   1.00   9.42 
249.00   1.00   9.43 
249.50   1.00   9.43 
250.00   1.00   9.43 
250.50   1.00   9.44 
251.00   1.00   9.44 
251.50   1.00   9.45 
252.00   1.00   9.45 
252.50   1.00   9.45 
253.00   1.00   9.46 
253.50   1.00   9.46 
254.00   1.00   9.47 
254.50   1.00   9.47 
255.00   1.00   9.47 
255.50   1.00   9.48 
256.00   1.00   9.48 
256.50   1.00   9.48 
257.00   1.00   9.49 
257.50   1.00   9.49 
258.00   1.00   9.50 
258.50   1.00   9.50 
259.00   1.00   9.50 
259.50   1.00   9.51 
260.00   1.00   9.51 
260.50   1.00   9.51 
261.00   1.00   9.52 
261.50   1.00   9.52 
262.00   1.00   9.52 
262.50   1.00   9.53 
263.00   1.00   9.53 
263.50   1.00   9.53 
264.00   1.00   9.54 
264.50   1.00   9.54 
265.00   1.00   9.54 
265.50   1.00   9.55 
266.00   1.00   9.55 
266.50   1.00   9.55 
267.00   1.00   9.56 
267.50   1.00   9.56 
268.00   1.00   9.56 
268.50   1.00   9.57 
269.00   1.00   9.57 
269.50   1.00   9.57 
270.00   1.00   9.57 
270.50   1.00   9.58 
271.00   1.00   9.58 
271.50   1.00   9.58 
272.00   1.00   9.59 
272.50   1.00   9.59 
273.00   1.00   9.59 
273.50   1.00   9.60 
274.00   1.00   9.60 
274.50   1.00   9.60 
275.00   1.00   9.60 
275.50   1.00   9.61 
276.00   1.00   9.61 
276.50   1.00   9.61 
277.00   1.00   9.62 
277.50   1.00   9.62 
278.00   1.00   9.62 
278.50   1.00   9.62 
279.00   1.00   9.63 
279.50   1.00   9.63 
280.00   1.00   9.63 
280.50   1.00   9.63 
281.00   1.00   9.64 
281.50   1.00   9.64 
282.00   1.00   9.64 
282.50   1.00   9.64 
283.00   1.00   9.65 
283.50   1.00   9.65 
284.00   1.00   9.65 
284.50   1.00   9.65 
285.00   1.00   9.66 
285.50   1.00   9.66 
286.00   1.00   9.66 
286.50   1.00   9.66 
287.00   1.00   9.67 
287.50   1.00   9.67 
288.00   1.00   9.67 
288.50   1.00   9.67 
289.00   1.00   9.68 
289.50   1.00   9.68 
290.00   1.00   9.68 
290.50   1.00   9.68 
291.00   1.00   9.68 
291.50   1.00   9.69 
292.00   1.00   9.69 
292.50   1.00   9.69 
293.00   1.00   9.69 
293.50   1.00   9.70 
294.00   1.00   9.70 
294.50   1.00   9.70 
295.00   1.00   9.70 
295.50   1.00   9.70 
296.00   1.00   9.71 
296.50   1.00   9.71 
297.00   1.00   9.71 
297.50   1.00   9.71 
298.00   1.00   9.71 
298.50   1.00   9.72 
299.00   1.00   9.72 
299.50   1.00   9.72 
300.00   1.00   9.72 
300.50   1.00   9.72 
301.00   1.00   9.73 
301.50   1.00   9.73 
302.00   1.00   9.73 
302.50   1.00   9.73 
303.00   1.00   9.73 
303.50   1.00   9.74 
304.00   1.00   9.74 
304.50   1.00   9.74 
305.00   1.00   9.74 
305.50   1.00   9.74 
306.00   1.00   9.75 
306.50   1.00   9.75 
307.00   1.00   9.75 
307.50   1.00   9.75 
308.00   1.00   9.75 
308.50   1.00   9.75 
309.00   1.00   9.76 
309.50   1.00   9.76 
310.00   1.00   9.76 
310.50   1.00   9.76 
311.00   1.00   9.76 
311.50   1.00   9.76 
312.00   1.00   9.77 
312.50   1.00   9.77 
313.00   1.00   9.77 
313.50   1.00   9.77 
314.00   1.00   9.77 
314.50   1.00   9.77 
315.00   1.00   9.78 
315.50   1.00   9.78 
316.00   1.00   9.78 
316.50   1.00   9.78 
317.00   1.00   9.78 
317.50   1.00   9.78 
318.00   1.00   9.79 
318.50   1.00   9.79 
319.00   1.00   9.79 
319.50   1.00   9.79 
320.00   1.00   9.79 
320.50   1.00   9.79 
321.00   1.00   9.79 
321.50   1.00   9.80 
322.00   1.00   9.80 
322.50   1.00   9.80 
323.00   1.00   9.80 
323.50   1.00   9.80 
324.00   1.00   9.80 
324.50   1.00   9.80 
325.00   1.00   9.81 
325.50   1.00   9.81 
326.00   1.00   9.81 
326.50   1.00   9.81 
327.00   1.00   9.81 
327.50   1.00   9.81 
328.00   1.00   9.81 
328.50   1.00   9.82 
329.00   1.00   9.82 
329.50   1.00   9.82 
330.00   1.00   9.82 
330.50   1.00   9.82 
331.00   1.00   9.82 
331.50   1.00   9.82 
332.00   1.00   9.82 
332.50   1.00   9.83 
333.00   1.00   9.83 
333.50   1.00   9.83 
334.00   1.00   9.83 
334.50   1.00   9.83 
335.00   1.00   9.83 
335.50   1.00   9.83 
336.00   1.00   9.83 
336.50   1.00   9.84 
337.00   1.00   9.84 
337.50   1.00   9.84 
338.00   1.00   9.84 
338.50   1.00   9.84 
339.00   1.00   9.84 
339.50   1.00   9.84 
340.00   1.00   9.84 
340.50   1.00   9.84 
341.00   1.00   9.85 
341.50   1.00   9.85 
342.00   1.00   9.85 
342.50   1.00   9.85 
343.00   1.00   9.85 
343.50   1.00   9.85 
344.00   1.00   9.85 
344.50   1.00   9.85 
345.00   1.00   9.85 
345.50   1.00   9.86 
346.00   1.00   9.86 
346.50   1.00   9.86 
347.00   1.00   9.86 
347.50   1.00   9.86 
348.00   1.00   9.86 
348.50   1.00   9.86 
349.00   1.00   9.86 
349.50   1.00   9.86 
350.00   1.00   9.86 
350.50   1.00   9.87 
351.00   1.00   9.87 
351.50   1.00   9.87 
352.00   1.00   9.87 
352.50   1.00   9.87 
353.00   1.00   9.87 
353.50   1.00   9.87 
354.00   1.00   9.87 
354.50   1.00   9.87 
355.00   1.00   9.87 
355.50   1.00   9.87 
356.00   1.00   9.88 
356.50   1.00   9.88 
357.00   1.00   9.88 
357.50   1.00   9.88 
358.00   1.00   9.88 
358.50   1.00   9.88 
359.00   1.00   9.88 
359.50   1.00   9.88 
360.00   1.00   9.88 
360.50   1.00   9.88 
361.00   1.00   9.88 
361.50   1.00   9.88 
362.00   1.00   9.89 
362.50   1.00   9.89 
363.00   1.00   9.89 
363.50   1.00   9.89 
364.00   1.00   9.89 
364.50   1.00   9.89 
365.00   1.00   9.89 
365.50   1.00   9.89 
366.00   1.00   9.89 
366.50   1.00   9.89 
367.00   1.00   9.89 
367.50   1.00   9.89 
368.00   1.00   9.89 
368.50   1.00   9.90 
369.00   1.00   9.90 
369.50   1.00   9.90 
370.00   1.00   9.90 
370.50   1.00   9.90 
371.00   1.00   9.90 
371.50   1.00   9.90 
372.00   1.00   9.90 
372.50   1.00   9.90 
373.00   1.00   9.90 
373.50   1.00   9.90 
374.00   1.00   9.90 
374.50   1.00   9.90 
375.00   1.00   9.90 
375.50   1.00   9.91 
376.00   1.00   9.91 
376.50   1.00   9.91 
377.00   1.00   9.91 
377.50   1.00   9.91 
378.00   1.00   9.91 
378.50   1.00   9.91 
379.00   1.00   9.91 
379.50   1.00   9.91 
380.00   1.00   9.91 
380.50   1.00   9.91 
381.00   1.00   9.91 
381.50   1.00   9.91 
382.00   1.00   9.91 
382.50   1.00   9.91 
383.00   1.00   9.92 
383.50   1.00   9.92 
384.00   1.00   9.92 
384.50   1.00   9.92 
385.00   1.00   9.92 
385.50   1.00   9.92 
386.00   1.00   9.92 
386.50   1.00   9.92 
387.00   1.00   9.92 
387.50   1.00   9.92 
388.00   1.00   9.92 
388.50   1.00   9.92 
389.00   1.00   9.92 
389.50   1.00   9.92 
390.00   1.00   9.92 
390.50   1.00   9.92 
391.00   1.00   9.92 
391.50   1.00   9.92 
392.00   1.00   9.93 
392.50   1.00   9.93 
393.00   1.00   9.93 
393.50   1.00   9.93 
394.00   1.00   9.93 
394.50   1.00   9.93 
395.00   1.00   9.93 
395.50   1.00   9.93 
396.00   1.00   9.93 
396.50   1.00   9.93 
397.00   1.00   9.93 
397.50   1.00   9.93 
398.00   1.00   9.93 
398.50   1.00   9.93 
399.00   1.00   9.93 
399.50   1.00   9.93 
400.00   1.00   9.93 
400.50   1.00   9.93 
401.00   1.00   9.93 
401.50   1.00   9.93 
402.00   1.00   9.94 
402.50   1.00   9.94 
403.00   1.00   9.94 
403.50   1.00   9.94 
404.00   1.00   9.94 
404.50   1.00   9.94 
405.00   1.00   9.94 
405.50   1.00   9.94 
406.00   1.00   9.94 
406.50   1.00   9.94 
407.00   1.00   9.94 
407.50   1.00   9.94 
408.00   1.00   9.94 
408.50   1.00   9.94 
409.00   1.00   9.94 
409.50   1.00   9.94 
410.00   1.00   9.94 
410.50   1.00   9.94 
411.00   1.00   9.94 
411.50   1.00   9.94 
412.00   1.00   9.94 
412.50   1.00   9.94 
413.00   1.00   9.94 
413.50   1.00   9.95 
414.00   1.00   9.95 
414.50   1.00   9.95 
415.00   1.00   9.95 
415.50   1.00   9.95 
416.00   1.00   9.95 
416.50   1.00   9.95 
417.00   1.00   9.95 
417.50   1.00   9.95 
418.00   1.00   9.95 
418.50   1.00   9.95 
419.00   1.00   9.95 
419.50   1.00   9.95 
420.00   1.00   9.95 
420.50   1.00   9.95 
421.00   1.00   9.95 
421.50   1.00   9.95 
422.00   1.00   9.95 
422.50   1.00   9.95 
423.00   1.00   9.95 
423.50   1.00   9.95 
424.00   1.00   9.95 
424.50   1.00   9.95 
425.00   1.00   9.95 
425.50   1.00   9.95 
426.00   1.00   9.95 
426.50   1.00   9.95 
427.00   1.00   9.95 
427.50   1.00   9.96 
428.00   1.00   9.96 
428.50   1.00   9.96 
429.00   1.00   9.96 
429.50   1.00   9.96 
430.00   1.00   9.96 
430.50   1.00   9.96 
431.00   1.00   9.96 
431.50   1.00   9.96 
432.00   1.00   9.96 
432.50   1.00   9.96 
433.00   1.00   9.96 
433.50   1.00   9.96 
434.00   1.00   9.96 
434.50   1.00   9.96 
435.00   1.00   9.96 
435.50   1.00   9.96 
436.00   1.00   9.96 
436.50   1.00   9.96 
437.00   1.00   9.96 
437.50   1.00   9.96 
438.00   1.00   9.96 
438.50   1.00   9.96 
439.00   1.00   9.96 
439.50   1.00   9.96 
440.00   1.00   9.96 
440.50   1.00   9.96 
441.00   1.00   9.96 
441.50   1.00   9.96 
442.00   1.00   9.96 
442.50   1.00   9.96 
443.00   1.00   9.96 
443.50   1.00   9.96 
444.00   1.00   9.96 
444.50   1.00   9.96 
445.00   1.00   9.96 
445.50   1.00   9.97 
446.00   1.00   9.97 
446.50   1.00   9.97 
447.00   1.00   9.97 
447.50   1.00   9.97 
448.00   1.00   9.97 
448.50   1.00   9.97 
449.00   1.00   9.97 
449.50   1.00   9.97 
450.00   1.00   9.97 
450.50   1.00   9.97 
451.00   1.00   9.97 
451.50   1.00   9.97 
452.00   1.00   9.97 
452.50   1.00   9.97 
453.00   1.00   9.97 
453.50   1.00   9.97 
454.00   1.00   9.97 
454.50   1.00   9.97 
455.00   1.00   9.97 
455.50   1.00   9.97 
456.00   1.00   9.97 
456.50   1.00   9.97 
457.00   1.00   9.97 
457.50   1.00   9.97 
458.00   1.00   9.97 
458.50   1.00   9.97 
459.00   1.00   9.97 
459.50   1.00   9.97 
460.00   1.00   9.97 
460.50   1.00   9.97 
461.00   1.00   9.97 
461.50   1.00   9.97 
462.00   1.00   9.97 
462.50   1.00   9.97 
463.00   1.00   9.97 
463.50   1.00   9.97 
464.00   1.00   9.97 
464.50   1.00   9.97 
465.00   1.00   9.97 
465.50   1.00   9.97 
466.00   1.00   9.97 
466.50   1.00   9.97 
467.00   1.00   9.97 
467.50   1.00   9.97 
468.00   1.00   9.97 
468.50   1.00   9.97 
469.00   1.00   9.98 
469.50   1.00   9.98 
470.00   1.00   9.98 
470.50   1.00   9.98 
471.00   1.00   9.98 
471.50   1.00   9.98 
472.00   1.00   9.98 
472.50   1.00   9.98 
473.00   1.00   9.98 
473.50   1.00   9.98 
474.00   1.00   9.98 
474.50   1.00   9.98 
475.00   1.00   9.98 
475.50   1.00   9.98 
476.00   1.00   9.98 
476.50   1.00   9.98 
477.00   1.00   9.98 
477.50   1.00   9.98 
478.00   1.00   9.98 
478.50   1.00   9.98 
479.00   1.00   9.98 
479.50   1.00   9.98 
480.00   1.00   9.98 
480.50   1.00   9.98 
481.00   1.00   9.98 
481.50   1.00   9.98 
482.00   1.00   9.98 
482.50   1.00   9.98 
483.00   1.00   9.98 
483.50   1.00   9.98 
484.00   1.00   9.98 
484.50   1.00   9.98 
485.00   1.00   9.98 
485.50   1.00   9.98 
486.00   1.00   9.98 
486.50   1.00   9.98 
487.00   1.00   9.98 
487.50   1.00   9.98 
488.00   1.00   9.98 
488.50   1.00   9.98 
489.00   1.00   9.98 
489.50   1.00   9.98 
490.00   1.00   9.98 
490.50   1.00   9.98 
491.00   1.00   9.98 
491.50   1.00   9.98 
492.00   1.00   9.98 
492.50   1.00   9.98 
493.00   1.00   9.98 
493.50   1.00   9.98 
494.00   1.00   9.98 
494.50   1.00   9.98 
495.00   1.00   9.98 
495.50   1.00   9.98 
496.00   1.00   9.98 
496.50   1.00   9.98 
497.00   1.00   9.98 
497.50   1.00   9.98 
498.00   1.00   9.98 
498.50   1.00   9.98 
499.00   1.00   9.98 
499.50   1.00   9.98 
