  0.00   0.39   0.00 
  0.05  -0.55   0.39 
  0.10   1.06   0.24 
  0.15  -1.49   0.86 
  0.20  -0.67   0.16 
  0.25   0.37  -1.78 
  0.30   0.66  -2.74 
  0.35  -0.07  -2.02 
  0.40  -0.50  -0.85 
  0.45  -1.16  -0.39 
  0.50   0.15  -1.40 
  0.55  -1.27  -2.26 
  0.60   2.29  -3.61 
  0.65  -0.24  -2.18 
  0.70   0.55   0.15 
  0.75   0.59   2.19 
  0.80   0.83   4.04 
  0.85  -0.47   5.65 
  0.90   1.72   5.60 
  0.95   0.24   5.92 
  1.00   0.21   6.07 
  1.05   0.26   5.30 
  1.10   1.14   4.06 
  1.15   1.20   3.65 
  1.20  -0.15   4.40 
  1.25  -2.00   4.50 
  1.30  -0.89   1.59 
  1.35  -1.74  -2.66 
  1.40  -1.43  -7.29 
  1.45   0.41 -11.37 
  1.50  -0.89 -12.26 
  1.55   1.35 -11.11 
  1.60   0.63  -7.19 
  1.65  -0.66  -1.69 
  1.70  -0.04   2.14 
  1.75   0.94   4.03 
  1.80   0.26   5.47 
  1.85  -0.70   6.10 
  1.90   1.66   4.76 
  1.95   0.24   4.17 
  2.00   1.78   3.99 
  2.05   1.20   4.96 
  2.10   0.20   6.74 
  2.15  -0.27   7.44 
  2.20  -0.95   6.26 
  2.25   1.42   3.10 
  2.30   1.38   1.22 
  2.35   0.04   1.75 
  2.40  -0.56   2.49 
  2.45   0.14   1.97 
  2.50  -0.73   1.07 
  2.55  -0.39  -0.44 
  2.60  -0.30  -2.16 
  2.65   0.12  -3.43 
  2.70  -0.06  -3.65 
  2.75   1.07  -3.08 
  2.80  -0.86  -1.02 
  2.85   1.18   0.30 
  2.90   1.13   1.92 
  2.95   0.58   4.40 
  3.00   0.31   6.39 
  3.05  -1.27   7.11 
  3.10   0.77   5.07 
  3.15   0.06   2.77 
  3.20  -0.42   1.05 
  3.25   0.64  -0.75 
  3.30   0.69  -1.43 
  3.35   2.09  -0.61 
  3.40   0.20   2.53 
  3.45  -1.59   5.47 
  3.50  -1.56   4.94 
  3.55  -1.25   1.23 
  3.60  -1.27  -3.64 
  3.65  -0.55  -8.23 
  3.70   0.95 -10.98 
  3.75  -0.61 -10.04 
  3.80  -0.74  -7.50 
  3.85  -1.62  -5.27 
  3.90   0.43  -4.63 
  3.95   0.11  -3.65 
  4.00  -0.35  -1.90 
  4.05  -0.01  -0.59 
  4.10  -0.48   0.26 
  4.15   0.60   0.31 
  4.20   2.13   0.65 
  4.25   0.43   3.19 
  4.30   1.15   5.83 
  4.35   0.51   7.87 
  4.40   0.10   8.81 
  4.45   2.23   8.06 
  4.50  -1.69   8.20 
  4.55  -0.50   6.09 
  4.60   1.37   2.05 
  4.65  -0.25  -0.07 
  4.70   0.54  -1.11 
  4.75  -0.43  -1.20 
  4.80   1.45  -1.19 
  4.85   0.89   0.28 
  4.90  -0.53   2.87 
  4.95  -0.27   4.03 
  5.00  -0.62   3.49 
  5.05   0.67   1.65 
  5.10  -2.37   0.40 
  5.15   0.89  -2.58 
  5.20  -1.66  -4.45 
  5.25  -2.11  -6.09 
  5.30  -0.28  -8.96 
  5.35   1.30 -10.51 
  5.40   1.67  -8.32 
  5.45   1.37  -2.81 
  5.50  -1.42   3.82 
  5.55   0.93   6.96 
  5.60  -0.54   7.98 
  5.65  -2.52   7.02 
  5.70   1.14   2.16 
  5.75  -1.11  -1.80 
  5.80  -1.26  -4.75 
  5.85  -1.72  -7.67 
  5.90  -0.33 -10.53 
  5.95   1.32 -11.61 
  6.00  -1.45  -8.89 
  6.05   1.85  -6.00 
  6.10  -0.55  -1.65 
  6.15  -0.21   2.11 
  6.20   0.50   3.84 
  6.25   1.60   4.67 
  6.30  -0.85   6.17 
  6.35   1.85   5.95 
  6.40   0.53   6.02 
  6.45  -1.39   6.33 
  6.50  -1.49   4.15 
  6.55  -0.75  -0.39 
  6.60  -0.59  -4.98 
  6.65   1.93  -8.17 
  6.70  -1.51  -7.13 
  6.75   3.00  -5.52 
  6.80  -2.76  -1.04 
  6.85  -0.28   1.03 
  6.90  -0.38   0.62 
  6.95   0.27  -0.31 
  7.00   0.43  -0.82 
  7.05  -0.89  -0.45 
  7.10   0.42  -0.78 
  7.15  -1.72  -0.88 
  7.20  -0.86  -2.29 
  7.25   1.52  -4.53 
  7.30   0.93  -4.11 
  7.35  -1.04  -1.30 
  7.40   1.53   0.36 
  7.45  -0.18   2.45 
  7.50   0.04   4.01 
  7.55   0.48   4.25 
  7.60   0.17   4.06 
  7.65   2.32   3.53 
  7.70   0.07   4.85 
  7.75   0.14   6.04 
  7.80  -0.29   5.83 
  7.85  -1.43   4.30 
  7.90   0.39   0.79 
  7.95   0.56  -2.15 
  8.00   0.55  -3.03 
  8.05   0.62  -2.22 
  8.10   1.00  -0.31 
  8.15  -0.77   2.41 
  8.20   0.56   3.55 
  8.25   0.60   3.82 
  8.30  -0.44   4.12 
  8.35  -0.03   3.37 
  8.40  -0.81   1.92 
  8.45   0.39  -0.31 
  8.50  -0.34  -1.82 
  8.55   1.92  -2.66 
  8.60   0.47  -0.97 
  8.65  -0.31   1.83 
  8.70  -0.73   3.35 
  8.75  -2.66   2.87 
  8.80   0.22  -1.07 
  8.85  -0.78  -4.72 
  8.90   0.23  -7.01 
  8.95  -1.50  -7.36 
  9.00   0.78  -7.53 
  9.05  -0.67  -6.11 
  9.10   0.41  -4.17 
  9.15  -0.77  -1.90 
  9.20  -0.07  -0.50 
  9.25   1.21   0.13 
  9.30   0.07   1.72 
  9.35   0.32   3.16 
  9.40   1.25   3.90 
  9.45  -0.44   5.05 
  9.50   0.46   5.02 
  9.55   1.07   4.24 
  9.60   1.14   4.14 
  9.65   0.63   4.92 
  9.70   2.68   5.68 
  9.75  -1.27   8.07 
  9.80  -0.84   8.20 
  9.85   0.29   5.17 
  9.90  -0.45   1.89 
  9.95   0.49  -1.09 
 10.01  -1.37  -2.70 
 10.06   0.08  -4.41 
 10.11   0.86  -5.33 
 10.16  -1.01  -4.02 
 10.21  -0.34  -2.88 
 10.26  -2.02  -2.35 
 10.31  -0.83  -3.70 
 10.36   0.31  -5.75 
 10.41   1.29  -6.15 
 10.46   1.25  -3.75 
 10.51   0.26   0.58 
 10.56  -0.60   4.38 
 10.61  -1.43   5.69 
 10.66   0.79   3.73 
 10.71   0.38   1.69 
 10.76  -0.56   0.70 
 10.81  -0.25  -0.51 
 10.86   0.07  -1.78 
 10.91  -0.77  -2.36 
 10.96  -0.68  -3.03 
 11.01  -0.28  -3.95 
 11.06  -0.57  -4.43 
 11.11   1.39  -4.59 
 11.16   0.23  -2.68 
 11.21   0.58   0.12 
 11.26   2.16   2.75 
 11.31  -0.37   6.49 
 11.36  -0.29   8.51 
 11.41  -1.32   7.75 
 11.46   0.47   4.20 
 11.51  -0.49   0.69 
 11.56  -0.75  -2.16 
 11.61   0.65  -4.72 
 11.66  -1.38  -5.29 
 11.71  -2.58  -5.68 
 11.76   1.68  -8.09 
 11.81   1.33  -7.77 
 11.86   0.67  -3.82 
 11.91  -1.84   1.05 
 11.96  -0.41   2.74 
 12.01   2.29   2.06 
 12.06   0.82   3.25 
 12.11  -0.72   5.40 
 12.16  -0.56   5.51 
 12.21  -0.36   3.57 
 12.26  -0.30   0.85 
 12.31  -0.98  -1.70 
 12.36   2.00  -4.29 
 12.41   0.98  -3.73 
 12.46   0.38  -0.62 
 12.51   1.53   2.55 
 12.56  -0.95   5.99 
 12.61   0.05   7.01 
 12.66   0.10   5.90 
 12.71  -1.17   4.07 
 12.76   0.67   0.86 
 12.81  -0.20  -1.48 
 12.86   1.27  -2.68 
 12.91   0.70  -1.81 
 12.96  -0.57   0.50 
 13.01   1.43   1.79 
 13.06   1.16   3.47 
 13.11   0.90   5.84 
 13.16   0.88   7.81 
 13.21  -0.38   8.95 
 13.26  -1.47   8.02 
 13.31   0.67   4.10 
 13.36   0.88   0.47 
 13.41   1.01  -0.95 
 13.46  -1.05  -0.31 
 13.51  -0.58  -0.34 
 13.56   0.81  -1.40 
 13.61   0.73  -1.35 
 13.66   0.85   0.09 
 13.71  -0.87   2.30 
 13.76   0.83   2.94 
 13.81   0.39   3.20 
 13.86   0.72   3.55 
 13.91  -2.46   4.01 
 13.96  -0.91   1.42 
 14.01   1.54  -2.81 
 14.06   1.12  -4.12 
 14.11  -1.68  -2.33 
 14.16  -0.74  -1.74 
 14.21  -2.36  -2.55 
 14.26   0.19  -5.34 
 14.31  -0.12  -7.21 
 14.36  -0.70  -7.10 
 14.41  -0.89  -6.36 
 14.46  -0.86  -5.80 
 14.51  -1.77  -5.56 
 14.56  -1.42  -6.47 
 14.61   0.48  -8.12 
 14.66   0.22  -7.88 
 14.71   1.11  -5.68 
 14.76   0.52  -1.77 
 14.81  -0.13   2.39 
 14.86  -0.32   4.96 
 14.91  -1.36   5.37 
 14.96  -0.63   3.07 
 15.01  -0.17  -0.48 
 15.06  -0.36  -3.35 
 15.11  -1.82  -5.14 
 15.16  -0.85  -7.37 
 15.21  -1.10  -9.21 
 15.26   0.34 -10.17 
 15.31  -0.08  -9.03 
 15.36  -0.55  -6.33 
 15.41  -1.05  -3.76 
 15.46  -1.02  -2.54 
 15.51  -2.26  -2.71 
 15.56   1.37  -5.06 
 15.61  -0.98  -5.46 
 15.66  -2.48  -4.94 
 15.71  -0.38  -6.56 
 15.76   0.57  -8.00 
 15.81  -0.88  -7.04 
 15.86  -0.28  -5.55 
 15.91   0.09  -4.12 
 15.96   0.08  -2.34 
 16.01   1.13  -0.49 
 16.06  -1.50   2.07 
 16.11   1.24   2.51 
 16.16   1.46   2.81 
 16.21   0.54   4.54 
 16.26  -0.92   6.11 
 16.31  -1.22   5.34 
 16.36  -0.48   2.06 
 16.41  -0.43  -1.74 
 16.46   0.29  -4.73 
 16.51   0.93  -5.80 
 16.56   0.96  -4.31 
 16.61   1.01  -0.98 
 16.66  -0.05   3.05 
 16.71  -0.15   5.71 
 16.76   0.16   6.26 
 16.81   0.45   5.48 
 16.86  -1.00   4.36 
 16.91   0.67   1.92 
 16.96  -0.05   0.01 
 17.01  -1.78  -1.05 
 17.06  -0.61  -3.39 
 17.11   0.08  -5.84 
 17.16   0.44  -6.62 
 17.21   0.62  -5.37 
 17.26   0.36  -2.58 
 17.31   0.77   0.56 
 17.36   0.23   3.59 
 17.41  -0.41   5.60 
 17.46   1.06   5.59 
 17.51   0.05   5.31 
 17.56  -0.08   4.64 
 17.61  -1.16   3.19 
 17.66   0.80   0.33 
 17.71  -0.77  -1.51 
 17.76   0.86  -2.86 
 17.81  -1.28  -2.76 
 17.86   0.23  -2.98 
 17.91  -0.40  -2.96 
 17.96  -0.09  -2.63 
 18.01  -1.40  -2.17 
 18.06  -0.56  -2.86 
 18.11   0.96  -4.02 
 18.16   2.31  -3.36 
 18.21   0.69   0.57 
 18.26  -1.85   5.05 
 18.31  -0.47   5.67 
 18.36   0.42   3.57 
 18.41  -0.69   1.58 
 18.46   2.06  -0.62 
 18.51  -0.06  -0.31 
 18.56   1.29   0.93 
 18.61   0.29   2.87 
 18.66   0.07   4.58 
 18.71   1.83   5.08 
 18.76  -1.20   6.28 
 18.81  -0.50   5.58 
 18.86  -1.57   2.88 
 18.91   0.28  -1.41 
 18.96   0.43  -4.64 
 19.01   0.53  -5.40 
 19.06   1.06  -4.11 
 19.11  -1.29  -1.05 
 19.16   1.43   0.54 
 19.21  -1.85   2.34 
 19.26   0.54   1.99 
 19.31  -1.93   0.97 
 19.36   0.81  -1.60 
 19.41   0.25  -3.24 
 19.46   1.20  -3.09 
 19.51   0.68  -1.04 
 19.56   1.29   1.89 
 19.61  -0.59   5.18 
 19.66  -1.59   6.50 
 19.71  -2.01   4.24 
 19.76   2.03  -0.99 
 19.81   1.13  -3.43 
 19.86   0.76  -2.30 
 19.91   0.53   0.28 
 19.96  -0.98   2.93 
 20.01   0.14   3.49 
 20.06  -0.27   2.83 
 20.11   0.46   1.60 
 20.16  -0.57   0.75 
 20.21   2.47  -0.34 
 20.26  -1.25   1.15 
 20.31   0.78   1.96 
 20.36   0.66   2.29 
 20.41  -0.28   3.12 
 20.46   3.06   3.12 
 20.51  -0.44   5.42 
 20.56  -0.13   7.04 
 20.61   2.19   6.42 
 20.66   1.69   6.82 
 20.71  -1.49   8.52 
 20.76   1.12   7.37 
 20.81   0.43   5.46 
 20.86   0.54   4.01 
 20.91  -0.56   2.96 
 20.96  -1.32   1.33 
 21.01  -1.37  -1.66 
 21.06  -1.18  -5.46 
 21.11  -0.61  -8.88 
 21.16  -1.18 -10.70 
 21.21   1.01 -11.31 
 21.26   0.25  -9.06 
 21.31   0.22  -4.92 
 21.36  -1.22  -0.69 
 21.41   0.73   1.30 
 21.46  -2.51   2.55 
 21.51  -0.64   0.78 
 21.56   0.60  -2.52 
 21.61   2.00  -4.05 
 21.66  -0.41  -2.01 
 21.71   0.87   0.40 
 21.76   2.25   2.67 
 21.81  -0.63   6.41 
 21.86  -0.70   8.24 
 21.91   2.31   6.86 
 21.96   0.12   6.49 
 22.01   1.14   6.20 
 22.06   0.31   5.96 
 22.11   0.75   5.48 
 22.16   0.66   4.95 
 22.21   0.44   4.62 
 22.26  -2.79   4.23 
 22.31  -0.53   0.54 
 22.36  -0.45  -4.08 
 22.41  -0.88  -7.21 
 22.46  -0.78  -9.08 
 22.51  -0.51  -9.78 
 22.56  -1.20  -9.22 
 22.61   0.04  -8.44 
 22.66  -0.79  -6.77 
 22.71  -0.76  -5.01 
 22.76  -1.63  -3.94 
 22.81   0.88  -4.41 
 22.86  -1.85  -3.80 
 22.91   0.80  -4.02 
 22.96  -0.00  -3.50 
 23.01   0.63  -2.04 
 23.06  -0.65   0.03 
 23.11   0.54   1.13 
 23.16   0.94   1.89 
 23.21   0.22   3.25 
 23.26   0.16   4.25 
 23.31   0.03   4.37 
 23.36  -0.13   3.70 
 23.41   0.16   2.37 
 23.46  -0.36   1.06 
 23.51  -1.73  -0.35 
 23.56   1.07  -3.17 
 23.61  -0.64  -4.32 
 23.66  -0.10  -4.36 
 23.71  -0.16  -3.94 
 23.76   0.64  -3.07 
 23.81   1.50  -1.29 
 23.86  -2.19   2.03 
 23.91   0.29   2.51 
 23.96  -0.41   1.55 
 24.01  -1.37   0.30 
 24.06  -0.36  -2.21 
 24.11  -0.16  -4.57 
 24.16   2.23  -5.64 
 24.21  -1.46  -3.12 
 24.26   1.93  -1.08 
 24.31   0.03   1.77 
 24.36   0.83   4.40 
 24.41  -0.43   6.21 
 24.46  -1.05   6.22 
 24.51   0.66   3.71 
 24.56   0.79   1.35 
 24.61   0.92   0.54 
 24.66  -0.24   1.18 
 24.71   0.99   1.61 
 24.76  -0.20   2.46 
 24.81   1.32   2.86 
 24.86   0.14   3.79 
 24.91  -0.25   4.49 
 24.96  -1.69   3.90 
 25.01   2.30   0.89 
 25.06   0.72   0.06 
 25.11  -0.41   1.33 
 25.16   0.20   1.90 
 25.21  -0.32   1.92 
 25.26  -0.63   1.33 
 25.31  -0.82  -0.14 
 25.36  -1.56  -2.27 
 25.41   1.37  -5.27 
 25.46   0.87  -5.73 
 25.51  -0.20  -3.35 
 25.56  -0.38  -0.78 
 25.61   1.00   0.70 
 25.66  -1.85   2.41 
 25.71  -2.86   1.77 
 25.76  -0.86  -2.80 
 25.81  -0.96  -7.73 
 25.86   1.40 -11.03 
 25.91  -0.85 -10.21 
 25.96  -1.71  -7.74 
 26.01  -1.53  -6.61 
 26.06  -0.49  -6.88 
 26.11   0.70  -6.95 
 26.16  -2.57  -5.16 
 26.21  -0.52  -5.10 
 26.26  -0.77  -5.85 
 26.31   1.17  -6.23 
 26.36   2.07  -4.47 
 26.41   0.54   0.30 
 26.46   0.74   5.17 
 26.51  -0.64   8.54 
 26.56  -1.03   8.93 
 26.61  -0.09   6.07 
 26.66   0.75   2.25 
 26.71   2.21  -0.16 
 26.76   0.27   0.77 
 26.81  -0.98   2.65 
 26.86  -0.97   2.58 
 26.91  -1.12   0.56 
 26.96   0.64  -2.58 
 27.01   0.38  -4.18 
 27.06   0.15  -3.76 
 27.11   0.48  -2.38 
 27.16  -0.09  -0.38 
 27.21  -0.54   1.25 
 27.26   0.44   1.55 
 27.31   0.59   1.62 
 27.36  -1.03   2.15 
 27.41  -2.33   1.36 
 27.46  -0.66  -2.31 
 27.51  -1.16  -6.24 
 27.56  -0.90  -9.22 
 27.61   0.98 -10.95 
 27.66  -0.76  -9.44 
 27.71  -0.11  -6.77 
 27.76   2.87  -4.03 
 27.81   0.02   1.51 
 27.86  -0.99   6.54 
 27.91   0.22   7.77 
 27.96  -1.44   6.80 
 28.01  -0.76   3.43 
 28.06  -0.55  -1.10 
 28.11   0.01  -4.98 
 28.16   1.21  -6.96 
 28.21   0.16  -5.74 
 28.26  -0.20  -2.98 
 28.31   0.23  -0.57 
 28.36  -1.20   1.37 
 28.41   0.41   1.36 
 28.46  -0.63   0.89 
 28.51   0.49  -0.04 
 28.56  -0.36  -0.50 
 28.61  -0.91  -0.84 
 28.66  -1.72  -1.99 
 28.71   0.16  -4.58 
 28.76   0.46  -6.17 
 28.81  -0.58  -5.51 
 28.86  -1.37  -4.29 
 28.91  -1.17  -4.24 
 28.96   1.03  -5.20 
 29.01  -0.74  -4.39 
 29.06   0.28  -3.17 
 29.11  -0.02  -1.76 
 29.16   1.00  -0.30 
 29.21  -0.55   1.77 
 29.26   0.02   2.81 
 29.31   1.73   2.72 
 29.36   0.74   3.86 
 29.41   2.19   5.49 
 29.46   0.23   8.09 
 29.51   0.69   9.63 
 29.56   1.11   9.58 
 29.61   0.98   9.09 
 29.66  -0.93   8.46 
 29.71  -2.06   5.88 
 29.76   0.58   0.38 
 29.81  -0.85  -4.00 
 29.86   2.13  -6.82 
 29.91   0.54  -5.72 
 29.96   0.71  -2.20 
 30.02   0.73   1.68 
 30.07   1.15   5.14 
 30.12  -0.30   8.06 
 30.17  -0.07   8.76 
 30.22   0.22   7.29 
 30.27   1.06   4.99 
 30.32   0.49   3.55 
 30.37  -0.52   2.86 
 30.42   0.95   1.53 
 30.47   0.28   0.98 
 30.52  -1.00   1.16 
 30.57   0.03   0.19 
 30.62  -1.13  -0.99 
 30.67  -0.74  -2.74 
 30.72   0.60  -4.73 
 30.77  -1.91  -4.95 
 30.82  -1.43  -5.72 
 30.87   1.40  -7.50 
 30.92   0.42  -6.56 
 30.97   0.65  -3.47 
 31.02   1.05   0.25 
 31.07   1.25   4.17 
 31.12   0.30   7.86 
 31.17   0.85   9.80 
 31.22  -0.75  10.20 
 31.27  -0.30   8.11 
 31.32  -0.33   4.35 
 31.37  -0.68   0.37 
 31.42  -0.52  -3.34 
 31.47   0.45  -6.13 
 31.52  -0.23  -6.67 
 31.57   0.15  -5.72 
 31.62  -0.40  -3.87 
 31.67   0.06  -2.12 
 31.72   0.96  -0.61 
 31.77  -1.72   1.56 
 31.82   1.36   1.53 
 31.87   0.57   1.70 
 31.92   1.42   2.74 
 31.97   1.06   4.62 
 32.02  -1.25   6.79 
 32.07  -0.13   6.24 
 32.12  -0.47   3.84 
 32.17  -1.44   0.87 
 32.22   1.60  -3.06 
 32.27  -0.35  -4.32 
 32.32  -0.24  -3.89 
 32.37   0.93  -3.23 
 32.42  -0.13  -1.31 
 32.47  -0.13   0.62 
 32.52   0.46   1.65 
 32.57   0.66   2.44 
 32.62   0.82   3.40 
 32.67   0.59   4.53 
 32.72   0.84   5.42 
 32.77  -0.40   6.09 
 32.82  -1.76   5.35 
 32.87   1.97   1.81 
 32.92  -0.59   0.07 
 32.97   1.58  -0.78 
 33.02   1.55   0.07 
 33.07   0.90   2.98 
 33.12   0.68   6.10 
 33.17   0.20   8.20 
 33.22  -0.18   8.57 
 33.27  -0.43   7.04 
 33.32  -0.64   4.03 
 33.37  -0.59   0.27 
 33.42   1.70  -3.32 
 33.47  -2.06  -3.77 
 33.52  -0.21  -4.53 
 33.57  -0.40  -5.39 
 33.62   0.91  -5.42 
 33.67   0.26  -3.64 
 33.72  -0.96  -0.95 
 33.77   1.29   0.30 
 33.82   1.59   1.92 
 33.87   0.29   4.91 
 33.92   0.12   7.09 
 33.97   0.38   7.47 
 34.02  -0.45   6.68 
 34.07   1.39   4.52 
 34.12  -1.86   3.28 
 34.17   1.48   0.59 
 34.22  -0.78  -0.86 
 34.27  -0.82  -1.74 
 34.32   0.16  -3.22 
 34.37   0.34  -3.86 
 34.42   0.55  -3.11 
 34.47   0.61  -1.25 
 34.52  -1.34   1.19 
 34.57   0.70   1.62 
 34.62   0.68   1.63 
 34.67   0.71   2.34 
 34.72   0.18   3.42 
 34.77   0.30   4.03 
 34.82  -0.85   4.03 
 34.87  -0.01   2.53 
 34.92   0.80   0.54 
 34.97  -1.49  -0.16 
 35.02  -0.39  -1.72 
 35.07  -1.33  -3.60 
 35.12   1.34  -5.73 
 35.17   0.46  -5.39 
 35.22   1.30  -2.95 
 35.27  -0.37   0.87 
 35.32   0.56   3.65 
 35.37   0.60   5.24 
 35.42   1.03   6.18 
 35.47   0.25   6.94 
 35.52   0.53   6.84 
 35.57  -1.64   6.06 
 35.62   1.23   2.93 
 35.67  -0.49   0.56 
 35.72  -0.68  -1.09 
 35.77  -1.66  -2.96 
 35.82   0.10  -5.68 
 35.87   0.08  -7.18 
 35.92   0.35  -6.67 
 35.97   0.64  -4.59 
 36.02  -0.30  -1.40 
 36.07   1.07   1.13 
 36.12  -0.45   3.60 
 36.17  -1.21   4.69 
 36.22  -0.41   3.08 
 36.27  -0.69   0.32 
 36.32   0.16  -2.58 
 36.37   0.43  -4.28 
 36.42  -1.13  -4.10 
 36.47   0.29  -4.07 
 36.52  -0.51  -3.51 
 36.57   0.91  -2.78 
 36.62  -0.73  -1.06 
 36.67  -0.09   0.08 
 36.72  -0.51   0.41 
 36.77  -0.26   0.00 
 36.82   0.53  -0.79 
 36.87  -0.74  -0.79 
 36.92  -1.38  -1.11 
 36.97  -0.98  -2.86 
 37.02  -1.35  -5.19 
 37.07   0.47  -7.62 
 37.12   0.20  -7.99 
 37.17   0.74  -6.22 
 37.22  -0.78  -2.89 
 37.27   0.35  -0.40 
 37.32  -0.58   1.38 
 37.37   0.61   1.94 
 37.42   0.57   2.27 
 37.47   0.19   2.92 
 37.52   1.92   3.26 
 37.57  -1.06   4.87 
 37.62  -0.21   4.92 
 37.67   0.01   3.23 
 37.72   0.19   1.29 
 37.77   0.74  -0.13 
 37.82   1.43  -0.26 
 37.87  -0.67   1.51 
 37.92   0.16   2.49 
 37.97  -2.01   2.51 
 38.02  -1.65   0.09 
 38.07   0.13  -4.28 
 38.12  -0.02  -7.17 
 38.17  -0.63  -7.72 
 38.22  -1.57  -7.20 
 38.27  -0.38  -7.28 
 38.32   1.10  -7.04 
 38.37   0.36  -4.57 
 38.42  -0.84  -1.01 
 38.47  -0.04   1.02 
 38.52   1.08   1.78 
 38.57   0.69   3.02 
 38.62  -2.29   4.51 
 38.67   0.24   2.71 
 38.72   0.79  -0.00 
 38.77  -0.16  -0.99 
 38.82  -1.15  -1.25 
 38.87   0.16  -2.40 
 38.92   0.44  -3.15 
 38.97  -0.47  -2.52 
 39.02  -0.32  -1.83 
 39.07  -0.01  -1.54 
 39.12   0.44  -1.19 
 39.17   0.36  -0.27 
 39.22   0.64   1.00 
 39.27  -0.30   2.51 
 39.32  -0.87   3.08 
 39.37   0.81   1.85 
 39.42   0.67   1.00 
 39.47  -0.90   1.27 
 39.52   0.49   0.63 
 39.57   0.64   0.10 
 39.62  -0.65   0.59 
 39.67   1.39   0.48 
 39.72   0.15   1.37 
 39.77  -1.40   2.57 
 39.82   0.31   1.57 
 39.87   1.15   0.18 
 39.92  -0.73   0.47 
 39.97  -0.25   0.42 
 40.02   1.37  -0.30 
 40.07   0.79   0.49 
 40.12  -0.25   2.41 
 40.17  -0.42   3.42 
 40.22   0.44   2.91 
 40.27   0.48   2.19 
 40.32   0.31   1.95 
 40.37  -0.71   1.95 
 40.42   0.08   1.00 
 40.47   0.51  -0.14 
 40.52   1.46  -0.36 
 40.57   1.36   1.27 
 40.62  -0.14   4.25 
 40.67  -0.28   6.02 
 40.72  -0.32   5.70 
 40.77   1.92   3.89 
 40.82   1.09   3.60 
 40.87   1.82   4.74 
 40.92   0.14   6.94 
 40.97   0.76   8.15 
 41.02  -1.69   8.20 
 41.07  -1.28   5.29 
 41.12   0.14   0.07 
 41.17  -0.93  -4.10 
 41.22  -1.57  -7.06 
 41.27  -0.22  -9.75 
 41.32   1.03 -10.69 
 41.37  -0.54  -8.28 
 41.42  -0.25  -4.97 
 41.47   2.27  -2.19 
 41.52   1.72   2.35 
 41.57  -0.77   7.92 
 41.62   0.01  10.32 
 41.67  -2.24   9.56 
 41.72   0.51   4.89 
 41.77   0.09   0.03 
 41.82   0.38  -3.03 
 41.87   1.34  -4.14 
 41.92   0.57  -2.55 
 41.97  -1.41   0.31 
 42.02  -1.62   1.13 
 42.07   0.18  -0.84 
 42.12  -0.63  -2.68 
 42.17  -0.94  -3.97 
 42.22  -2.25  -5.34 
 42.27  -0.74  -7.95 
 42.32   0.85 -10.04 
 42.37  -0.65  -9.02 
 42.42  -0.01  -6.72 
 42.47  -0.64  -4.11 
 42.52   0.23  -2.10 
 42.57  -0.14  -0.36 
 42.62   1.23   0.90 
 42.67  -1.08   2.76 
 42.72   0.36   3.05 
 42.77   0.15   2.46 
 42.82  -1.75   1.89 
 42.87   0.31  -0.56 
 42.92  -1.05  -2.72 
 42.97  -1.34  -4.59 
 43.02  -0.08  -6.85 
 43.07   1.18  -7.81 
 43.12   0.50  -5.79 
 43.17   1.51  -2.13 
 43.22  -0.42   2.62 
 43.27   0.01   5.75 
 43.32   0.51   6.59 
 43.37   0.88   6.38 
 43.42  -0.68   6.09 
 43.47  -0.41   4.43 
 43.52  -0.10   1.63 
 43.57  -0.07  -0.97 
 43.62   0.31  -2.71 
 43.67   0.40  -3.11 
 43.72  -0.37  -2.21 
 43.77   0.21  -1.31 
 43.82   0.87  -0.40 
 43.87  -1.20   1.31 
 43.92  -0.52   1.47 
 43.97  -2.37   0.17 
 44.02   1.27  -3.40 
 44.07   1.00  -5.14 
 44.12  -0.49  -3.68 
 44.17  -0.49  -1.92 
 44.22   2.16  -1.04 
 44.27   0.20   1.71 
 44.32  -1.59   4.57 
 44.37   1.23   4.17 
 44.42   0.43   3.49 
 44.47   1.23   3.36 
 44.52   1.31   4.04 
 44.57  -2.35   5.64 
 44.62  -0.25   3.93 
 44.67   2.39   0.52 
 44.72   0.03   0.29 
 44.77  -0.56   1.29 
 44.82   0.08   1.20 
 44.87   1.31   0.69 
 44.92  -0.08   1.54 
 44.97   1.57   2.39 
 45.02  -0.80   4.04 
 45.07  -1.31   4.37 
 45.12  -0.74   2.02 
 45.17  -0.56  -1.43 
 45.22   0.21  -4.49 
 45.27   1.93  -5.81 
 45.32  -1.33  -3.54 
 45.37  -1.84  -1.60 
 45.42  -0.81  -2.42 
 45.47  -1.66  -4.24 
 45.52   0.17  -6.73 
 45.57  -0.09  -7.78 
 45.62  -0.91  -6.97 
 45.67   0.57  -5.97 
 45.72  -1.43  -3.96 
 45.77  -0.25  -2.90 
 45.82   0.27  -2.55 
 45.87  -0.22  -1.66 
 45.92   0.08  -0.78 
 45.97  -0.44  -0.04 
 46.02  -0.59   0.09 
 46.07  -0.28  -0.64 
 46.12   0.02  -1.60 
 46.17  -0.56  -2.07 
 46.22   0.08  -2.54 
 46.27   0.86  -2.57 
 46.32  -2.18  -1.18 
 46.37  -0.48  -1.72 
 46.42   0.09  -3.33 
 46.47  -0.07  -3.94 
 46.52   1.86  -3.62 
 46.57   0.90  -0.84 
 46.62   0.56   3.10 
 46.67   0.73   6.24 
 46.72  -1.03   8.21 
 46.77   0.66   7.28 
 46.82  -0.31   5.32 
 46.87  -1.96   2.90 
 46.92  -2.15  -1.49 
 46.97   0.75  -7.40 
 47.02  -0.65 -10.39 
 47.07  -0.02 -10.68 
 47.12  -0.34  -9.09 
 47.17  -1.04  -6.51 
 47.22  -0.54  -4.61 
 47.27   0.42  -3.42 
 47.32  -2.24  -1.75 
 47.37   0.31  -2.27 
 47.42  -0.91  -2.99 
 47.47   0.91  -3.66 
 47.52  -0.05  -2.93 
 47.57  -0.15  -1.44 
 47.62  -0.97  -0.29 
 47.67  -1.12  -0.47 
 47.72   1.13  -2.12 
 47.77  -1.05  -2.28 
 47.82   1.03  -2.42 
 47.87   1.05  -1.53 
 47.92   0.09   0.96 
 47.97   0.51   3.13 
 48.02  -0.40   4.58 
 48.07  -0.52   4.53 
 48.12   1.29   2.87 
 48.17  -2.64   2.17 
 48.22  -0.41  -0.75 
 48.27  -0.23  -4.37 
 48.32  -0.78  -6.47 
 48.37   1.38  -7.54 
 48.42  -0.05  -5.79 
 48.47   0.53  -2.76 
 48.52  -0.46   0.41 
 48.57   0.31   2.35 
 48.62  -2.45   3.32 
 48.67   1.24   1.05 
 48.72   0.73  -0.74 
 48.77  -0.73  -0.50 
 48.82   0.95  -0.60 
 48.87   1.01   0.04 
 48.92  -1.26   1.96 
 48.97   0.67   2.16 
 49.02   0.30   1.91 
 49.07  -0.53   1.98 
 49.12  -0.09   1.26 
 49.17   1.86   0.14 
 49.22  -0.18   1.14 
 49.27  -0.71   2.37 
 49.32   0.60   1.95 
 49.37   1.04   1.51 
 49.42  -0.06   2.25 
 49.47  -0.23   2.78 
 49.52   1.08   2.34 
 49.57   1.69   2.53 
 49.62  -0.23   4.38 
 49.67   0.72   5.42 
 49.72  -1.89   5.67 
 49.77  -0.70   3.18 
 49.82  -0.66  -0.85 
 49.87  -1.39  -4.50 
 49.92   0.04  -7.88 
 49.97  -0.84  -9.31 
 50.03  -1.03  -9.28 
 50.08   1.11  -8.84 
 50.13   0.09  -6.18 
 50.18   1.14  -2.43 
 50.23   0.30   1.87 
 50.28   1.86   5.38 
 50.33   0.62   8.77 
 50.38   0.65  10.93 
 50.43   0.94  11.22 
 50.48  -0.87  10.44 
 50.53  -1.05   7.41 
 50.58   1.08   2.31 
 50.63   0.90  -1.17 
 50.68  -0.82  -1.93 
 50.73  -0.11  -2.44 
 50.78  -0.01  -2.82 
 50.83   0.58  -2.60 
 50.88   0.34  -1.34 
 50.93  -1.47   0.44 
 50.98   0.95   0.30 
 51.03   0.10   0.36 
 51.08   0.20   0.91 
 51.13   0.31   1.35 
 51.18   0.20   1.80 
 51.23  -0.27   2.11 
 51.28  -1.00   1.73 
 51.33  -0.29  -0.01 
 51.38  -0.42  -2.02 
 51.43   0.83  -3.59 
 51.48   2.40  -3.35 
 51.53  -0.70   0.31 
 51.58   0.84   3.31 
 51.63   0.43   5.25 
 51.68   0.15   6.40 
 51.73   0.75   6.30 
 51.78   0.47   5.80 
 51.83   0.12   5.13 
 51.88  -1.29   3.99 
 51.93  -0.78   1.17 
 51.98   1.39  -2.47 
 52.03   0.80  -3.52 
 52.08   0.47  -2.06 
 52.13   1.32   0.25 
 52.18   0.45   3.37 
 52.23   0.08   6.00 
 52.28  -0.30   6.93 
 52.33  -0.51   5.94 
 52.38  -0.08   3.40 
 52.43  -1.51   0.60 
 52.48  -0.29  -3.02 
 52.53   1.37  -5.99 
 52.58  -0.17  -5.65 
 52.63   0.18  -3.76 
 52.68   0.27  -1.60 
 52.73   2.20   0.60 
 52.78  -1.05   4.36 
 52.83  -1.36   6.16 
 52.88   0.64   4.31 
 52.93   0.82   2.11 
 52.98  -0.54   1.29 
 53.03  -0.92   0.33 
 53.08  -0.19  -1.61 
 53.13  -0.71  -3.28 
 53.18   0.50  -4.61 
 53.23   0.20  -4.48 
 53.28  -3.33  -3.04 
 53.33   0.12  -4.66 
 53.38  -0.99  -6.40 
 53.43  -0.75  -7.26 
 53.48   0.22  -7.66 
 53.53  -0.62  -6.56 
 53.58  -1.34  -4.98 
 53.63  -0.20  -4.53 
 53.68  -0.75  -4.18 
 53.73  -0.43  -3.94 
 53.78  -1.68  -3.79 
 53.83   0.89  -4.83 
 53.88  -0.23  -4.53 
 53.93   0.11  -3.21 
 53.98  -1.20  -1.64 
 54.03  -0.16  -1.36 
 54.08   1.28  -1.66 
 54.13  -0.08  -0.32 
 54.18   1.12   1.23 
 54.23   0.57   3.16 
 54.28   0.18   5.00 
 54.33   0.02   5.75 
 54.38  -0.28   5.23 
 54.43   0.98   3.54 
 54.48   0.54   2.49 
 54.53  -1.33   2.29 
 54.58   1.39   0.63 
 54.63   0.03   0.08 
 54.68   0.73   0.40 
 54.73   0.51   1.30 
 54.78   1.26   2.54 
 54.83  -0.95   4.41 
 54.88  -0.19   4.52 
 54.93  -0.31   3.03 
 54.98   1.47   0.98 
 55.03   2.32   0.66 
 55.08  -0.36   3.37 
 55.13   0.44   5.39 
 55.18  -1.40   5.99 
 55.23  -0.12   4.03 
 55.28  -0.93   1.04 
 55.33   0.46  -2.26 
 55.38   2.02  -4.12 
 55.43  -0.03  -2.35 
 55.48   0.39   0.34 
 55.53   0.99   2.53 
 55.58  -0.95   4.73 
 55.63  -1.61   4.88 
 55.68  -0.04   1.93 
 55.73  -0.86  -1.36 
 55.78   1.35  -4.27 
 55.83   1.43  -4.54 
 55.88  -0.68  -1.72 
 55.93   1.29   0.64 
 55.98  -1.32   3.11 
 56.03   0.39   3.55 
 56.08   0.06   2.87 
 56.13  -0.03   2.07 
 56.18  -0.56   1.10 
 56.23  -1.03  -0.37 
 56.28  -0.31  -2.65 
 56.33   0.51  -4.53 
 56.38   0.32  -4.59 
 56.43   1.04  -3.14 
 56.48  -0.63  -0.30 
 56.53  -0.93   1.64 
 56.58   0.18   1.42 
 56.63  -0.44   0.70 
 56.68   0.95  -0.30 
 56.73  -1.45  -0.22 
 56.78  -0.52  -1.09 
 56.83   0.09  -2.73 
 56.88  -0.57  -3.49 
 56.93  -0.99  -3.85 
 56.98   1.07  -4.60 
 57.03   0.89  -3.63 
 57.08   1.70  -0.79 
 57.13   0.64   3.49 
 57.18  -0.55   7.28 
 57.23  -0.28   8.24 
 57.28   0.36   6.71 
 57.33   1.18   4.52 
 57.38  -0.19   3.44 
 57.43  -1.68   2.39 
 57.48  -1.01  -0.59 
 57.53   0.65  -4.41 
 57.58   0.00  -6.06 
 57.63   0.93  -5.67 
 57.68   0.43  -3.33 
 57.73  -1.42  -0.13 
 57.78   1.25   0.93 
 57.83  -1.25   2.04 
 57.88  -0.08   1.78 
 57.93   0.13   0.53 
 57.98   0.42  -0.36 
 58.03   1.44  -0.42 
 58.08   1.05   1.27 
 58.13  -0.99   3.97 
 58.18  -0.96   4.60 
 58.23   1.02   2.67 
 58.28   0.63   1.33 
 58.33   0.18   1.26 
 58.38  -0.04   1.45 
 58.43   0.59   1.35 
 58.48  -0.47   1.57 
 58.53   2.15   1.25 
 58.58  -0.04   2.68 
 58.63  -0.03   4.18 
 58.68  -0.37   4.34 
 58.73   0.23   3.20 
 58.78   0.14   1.81 
 58.83  -0.91   0.73 
 58.88   0.93  -1.01 
 58.93  -0.68  -1.54 
 58.98  -0.89  -1.82 
 59.03   0.47  -2.88 
 59.08  -0.47  -3.01 
 59.13  -0.29  -2.74 
 59.18  -1.46  -2.53 
 59.23  -0.64  -3.48 
 59.28   0.62  -4.81 
 59.33  -0.22  -4.48 
 59.38  -0.05  -3.26 
 59.43  -1.00  -1.92 
 59.48  -1.69  -1.62 
 59.53  -0.83  -3.27 
 59.58  -0.54  -5.45 
 59.63  -0.44  -6.84 
 59.68   1.06  -7.15 
 59.73  -0.30  -5.10 
 59.78   1.30  -2.41 
 59.83   1.52   1.10 
 59.88   0.15   5.50 
 59.93  -0.53   8.39 
 59.98   0.11   8.27 
 60.03  -0.42   6.38 
 60.08  -0.23   3.41 
 60.13   0.71   0.22 
 60.18   0.78  -1.46 
 60.23  -1.29  -1.21 
 60.28  -1.12  -1.69 
 60.33   1.26  -3.45 
 60.38  -0.50  -3.30 
 60.43  -0.55  -2.40 
 60.48   1.52  -2.10 
 60.53   0.78  -0.22 
 60.58   1.24   2.68 
 60.63  -0.52   5.80 
 60.68   1.63   6.93 
 60.73  -0.45   7.71 
 60.78   0.12   7.09 
 60.83  -0.86   5.13 
 60.88   0.16   1.94 
 60.93  -0.29  -0.96 
 60.98   0.46  -3.00 
 61.03  -1.15  -3.51 
 61.08  -1.15  -4.09 
 61.13  -0.93  -5.40 
 61.18  -0.76  -6.73 
 61.23  -0.86  -7.54 
 61.28  -0.56  -7.84 
 61.33  -1.61  -7.46 
 61.38  -0.89  -7.59 
 61.43  -2.08  -7.86 
 61.48  -1.63  -9.00 
 61.53   0.43 -10.68 
 61.58  -1.15 -10.11 
 61.63  -0.13  -8.62 
 61.68  -0.74  -6.57 
 61.73   0.80  -4.63 
 61.78  -2.35  -1.90 
 61.83   0.01  -1.56 
 61.88   1.55  -2.17 
 61.93   0.90  -0.61 
 61.98   0.67   2.29 
 62.03  -0.41   4.98 
 62.08   3.38   5.79 
 62.13  -0.10   8.38 
 62.18   1.03  10.12 
 62.23   1.72  10.29 
 62.28  -0.27  10.58 
 62.33   0.03   9.27 
 62.38  -0.36   6.39 
 62.43  -1.01   2.75 
 62.48   0.73  -1.54 
 62.53  -0.08  -4.01 
 62.58  -1.89  -4.66 
 62.63  -0.05  -6.11 
 62.68   1.10  -6.90 
 62.73  -0.20  -4.99 
 62.78   0.44  -2.30 
 62.83  -0.17   0.38 
 62.88  -2.04   2.22 
 62.93  -0.53   0.95 
 62.98  -0.21  -1.68 
 63.03  -1.51  -3.66 
 63.08  -1.91  -5.92 
 63.13   0.75  -8.99 
 63.18   0.39  -9.54 
 63.23  -0.78  -7.25 
 63.28  -1.70  -4.79 
 63.33   1.08  -4.20 
 63.38   0.96  -2.72 
 63.43  -0.60   0.35 
 63.48  -0.07   2.32 
 63.53   0.48   2.86 
 63.58  -0.26   3.11 
 63.63   0.16   2.65 
 63.68   1.88   1.82 
 63.73  -0.00   2.83 
 63.78   1.26   3.91 
 63.83   0.90   5.14 
 63.88  -0.75   6.52 
 63.93   1.26   5.88 
 63.98  -0.61   5.14 
 64.03   0.44   3.62 
 64.08  -0.03   1.96 
 64.13  -0.36   0.60 
 64.18   1.13  -0.85 
 64.23   0.51  -0.74 
 64.28  -0.16   0.56 
 64.33   0.85   1.45 
 64.38   0.64   2.55 
 64.43   0.74   3.87 
 64.48   0.00   5.08 
 64.53  -1.86   5.28 
 64.58   0.35   2.51 
 64.63   1.17  -0.51 
 64.68  -0.45  -1.17 
 64.73  -0.63  -1.26 
 64.78  -0.10  -1.93 
 64.83   0.52  -2.42 
 64.88   0.34  -1.80 
 64.93  -0.42  -0.41 
 64.98   1.52   0.40 
 65.03  -1.32   2.20 
 65.08  -1.39   2.45 
 65.13   2.49   0.09 
 65.18   0.34   0.21 
 65.23   1.05   1.84 
 65.28  -0.85   3.84 
 65.33  -0.15   4.14 
 65.38   1.75   2.95 
 65.43  -0.08   3.20 
 65.48  -0.52   3.53 
 65.53   0.06   2.50 
 65.58  -2.22   1.08 
 65.63   0.90  -2.33 
 65.68  -0.57  -4.46 
 65.73  -1.01  -5.17 
 65.78  -0.49  -5.93 
 65.83  -0.32  -6.27 
 65.88  -0.70  -5.82 
 65.93  -2.01  -5.20 
 65.98  -0.81  -6.08 
 66.03  -0.07  -7.29 
 66.08  -0.98  -7.15 
 66.13  -0.58  -6.64 
 66.18  -0.35  -6.02 
 66.23   0.15  -5.02 
 66.28   0.07  -3.33 
 66.33  -0.61  -1.34 
 66.38  -1.18  -0.26 
 66.43  -1.23  -0.94 
 66.48   0.39  -3.05 
 66.53  -0.48  -4.14 
 66.58   0.61  -4.36 
 66.63   0.54  -3.27 
 66.68   0.93  -1.02 
 66.73   0.63   1.97 
 66.78  -0.29   4.76 
 66.83   0.06   5.78 
 66.88   0.29   5.26 
 66.93  -0.09   4.16 
 66.98  -1.01   2.62 
 67.03  -0.47  -0.03 
 67.08   1.81  -2.85 
 67.13  -0.43  -2.69 
 67.18  -1.16  -1.56 
 67.23   0.13  -1.84 
 67.28  -0.39  -2.12 
 67.33   1.60  -2.21 
 67.38   0.59  -0.43 
 67.43   0.49   2.30 
 67.48  -0.65   4.54 
 67.53   0.99   4.79 
 67.58  -0.79   4.68 
 67.63   1.23   3.37 
 67.68  -2.20   2.62 
 67.73   1.49  -0.03 
 67.78  -0.70  -1.48 
 67.83  -0.18  -2.17 
 67.88  -0.14  -2.75 
 67.93   0.31  -2.84 
 67.98   0.29  -2.10 
 68.03   1.62  -0.71 
 68.08  -0.08   2.16 
 68.13   0.25   4.47 
 68.18   0.56   5.40 
 68.23   0.26   5.66 
 68.28  -0.24   5.25 
 68.33   0.60   3.80 
 68.38  -0.92   2.50 
 68.43  -0.39   0.47 
 68.48   0.51  -1.90 
 68.53   0.03  -2.86 
 68.58   0.64  -2.68 
 68.63  -0.51  -1.36 
 68.68  -0.82  -0.35 
 68.73   0.03  -0.65 
 68.78  -0.21  -1.11 
 68.83  -1.45  -1.40 
 68.88  -0.03  -2.87 
 68.93  -0.08  -4.08 
 68.98  -1.55  -4.20 
 69.03  -2.08  -5.04 
 69.08  -0.53  -7.47 
 69.13   1.63  -9.24 
 69.18   0.42  -7.27 
 69.23   2.00  -3.20 
 69.28  -0.99   2.50 
 69.33   0.08   6.01 
 69.38  -1.12   6.85 
 69.43   1.70   4.98 
 69.48  -1.22   3.82 
 69.53   0.18   1.88 
 69.58   0.49  -0.29 
 69.63  -1.05  -1.17 
 69.68   1.16  -2.37 
 69.73  -0.66  -2.10 
 69.78  -1.32  -1.57 
 69.83   0.12  -2.54 
 69.88  -0.22  -3.26 
 69.93   0.05  -3.27 
 69.98  -0.47  -2.69 
 70.04   1.09  -2.19 
 70.09   0.08  -0.55 
 70.14   0.61   1.34 
 70.19  -1.47   3.04 
 70.24   1.17   2.45 
 70.29  -0.55   1.98 
 70.34   1.23   1.30 
 70.39  -1.08   1.52 
 70.44   0.11   0.89 
 70.49  -2.47  -0.16 
 70.54  -0.63  -3.28 
 70.59   0.78  -6.67 
 70.64   0.26  -7.24 
 70.69   1.16  -5.54 
 70.74   0.48  -1.96 
 70.79  -1.24   2.00 
 70.84   0.43   3.37 
 70.89  -0.04   3.46 
 70.94   1.80   3.01 
 70.99   0.53   3.87 
 71.04   0.99   5.13 
 71.09   0.49   6.23 
 71.14  -0.44   6.74 
 71.19   0.72   5.55 
 71.24   0.79   4.10 
 71.29   0.93   3.42 
 71.34  -0.23   3.59 
 71.39  -1.42   3.22 
 71.44   0.64   0.78 
 71.49  -0.52  -1.16 
 71.54   1.22  -2.48 
 71.59  -0.50  -1.95 
 71.64   1.40  -1.08 
 71.69   1.79   0.90 
 71.74  -1.00   4.60 
 71.79   0.57   6.16 
 71.84   0.99   6.08 
 71.89   0.34   6.09 
 71.94  -0.92   5.71 
 71.99  -1.34   3.54 
 72.04   1.23  -0.48 
 72.09   0.37  -2.64 
 72.14  -1.58  -2.64 
 72.19  -1.12  -3.51 
 72.24   1.02  -5.33 
 72.29  -0.62  -5.07 
 72.34   0.97  -3.99 
 72.39   0.98  -1.77 
 72.44  -0.79   1.59 
 72.49   1.13   3.34 
 72.54   0.80   4.63 
 72.59  -1.54   5.97 
 72.64   0.32   4.57 
 72.69   0.81   2.23 
 72.74   0.94   1.13 
 72.79  -0.44   1.48 
 72.84   0.94   1.46 
 72.89  -1.31   1.87 
 72.94  -1.01   0.95 
 72.99   0.13  -1.55 
 73.04  -0.16  -3.35 
 73.09  -0.44  -4.04 
 73.14   0.94  -4.23 
 73.19   0.80  -2.80 
 73.24  -0.61   0.03 
 73.29  -0.60   1.80 
 73.34   1.30   1.77 
 73.39   0.52   2.40 
 73.44  -0.48   3.54 
 73.49  -1.30   3.40 
 73.54   0.23   1.09 
 73.59  -0.52  -1.16 
 73.64  -1.10  -2.91 
 73.69  -0.10  -4.92 
 73.74  -0.00  -5.99 
 73.79   0.10  -5.60 
 73.84  -0.64  -4.10 
 73.89   0.11  -2.82 
 73.94   0.05  -1.57 
 73.99  -0.09  -0.28 
 74.04   0.09   0.62 
 74.09  -0.36   1.17 
 74.14   1.34   1.00 
 74.19   0.55   1.84 
 74.24  -0.80   3.28 
 74.29   1.53   3.10 
 74.34  -1.85   3.49 
 74.39  -0.47   1.98 
 74.44   0.81  -0.87 
 74.49   1.76  -2.13 
 74.54  -0.60  -0.42 
 74.59   2.08   1.14 
 74.64   1.55   3.79 
 74.69   0.94   7.48 
 74.74  -0.18  10.28 
 74.79   0.05  10.48 
 74.84   1.81   8.48 
 74.89   1.39   7.22 
 74.94   0.32   7.19 
 74.99   0.19   6.74 
 75.04   1.56   5.42 
 75.09   0.66   5.07 
 75.14   0.04   5.25 
 75.19   0.19   4.70 
 75.24   0.54   3.58 
 75.29  -0.59   2.72 
 75.34  -0.42   1.26 
 75.39  -0.78  -0.73 
 75.44   0.35  -2.97 
 75.49  -0.18  -3.98 
 75.54   0.48  -3.89 
 75.59  -1.22  -2.67 
 75.64  -0.73  -2.25 
 75.69   0.97  -2.85 
 75.74   0.30  -2.10 
 75.79   1.46  -0.36 
 75.84   1.06   2.54 
 75.89  -0.01   5.85 
 75.94   0.53   7.53 
 75.99  -0.07   7.72 
 76.04  -0.30   6.49 
 76.09  -0.96   4.00 
 76.14   0.63   0.35 
 76.19   0.72  -2.12 
 76.24  -0.22  -2.40 
 76.29  -0.14  -1.97 
 76.34   0.21  -1.52 
 76.39   0.83  -0.76 
 76.44  -1.27   0.85 
 76.49  -0.11   0.96 
 76.54   0.55   0.10 
 76.59   0.56  -0.03 
 76.64   0.79   0.73 
 76.69   0.30   2.18 
 76.74  -0.30   3.47 
 76.79  -0.57   3.52 
 76.84   1.33   2.14 
 76.89   0.66   1.78 
 76.94   0.95   2.51 
 76.99   1.40   3.79 
 77.04   0.13   5.79 
 77.09  -0.31   6.86 
 77.14   0.24   5.99 
 77.19   0.63   4.27 
 77.24  -1.77   2.96 
 77.29   0.87   0.00 
 77.34  -1.69  -2.09 
 77.39  -0.11  -4.39 
 77.44  -0.23  -6.07 
 77.49  -1.95  -6.32 
 77.54  -0.46  -7.29 
 77.59   0.50  -7.95 
 77.64   0.83  -6.54 
 77.69  -0.97  -3.17 
 77.74  -1.31  -0.72 
 77.79   1.36  -0.65 
 77.84   0.08   0.23 
 77.89  -0.62   1.56 
 77.94  -0.31   1.60 
 77.99  -0.62   0.68 
 78.04   0.28  -0.88 
 78.09   0.67  -1.83 
 78.14  -1.65  -1.32 
 78.19  -1.96  -2.01 
 78.24  -0.04  -4.89 
 78.29  -0.39  -6.95 
 78.34   1.40  -7.42 
 78.39  -0.22  -5.05 
 78.44  -0.28  -1.91 
 78.49  -1.05   0.28 
 78.54   1.47   0.57 
 78.59   1.11   1.60 
 78.64  -0.33   3.84 
 78.69  -0.37   4.87 
 78.74   0.73   4.08 
 78.79  -1.19   3.26 
 78.84  -0.45   1.21 
 78.89  -0.55  -1.52 
 78.94  -0.12  -3.90 
 78.99   2.52  -5.18 
 79.04  -1.27  -2.58 
 79.09  -1.51  -0.26 
 79.14   1.64  -0.72 
 79.19  -0.05  -0.02 
 79.24   0.63   1.24 
 79.29  -1.09   2.47 
 79.34  -0.74   2.07 
 79.39   0.16   0.09 
 79.44  -0.45  -1.52 
 79.49   1.55  -2.71 
 79.54   0.55  -1.67 
 79.59  -0.46   0.72 
 79.64  -0.67   2.06 
 79.69  -0.39   1.68 
 79.74   0.71   0.36 
 79.79   0.60  -0.13 
 79.84   0.80   0.52 
 79.89  -1.14   1.96 
 79.94  -0.38   1.85 
 79.99   1.13   0.45 
 80.04  -1.49   0.33 
 80.09   0.46  -0.74 
 80.14  -1.03  -1.63 
 80.19   0.84  -2.72 
 80.24  -0.32  -2.61 
 80.29   1.77  -1.91 
 80.34  -0.20   0.57 
 80.39   0.67   2.88 
 80.44  -1.13   4.49 
 80.49  -0.40   3.93 
 80.54   0.35   1.79 
 80.59  -2.56   0.08 
 80.64   0.02  -3.52 
 80.69  -0.73  -6.59 
 80.74  -0.45  -8.14 
 80.79   0.20  -8.40 
 80.84   1.85  -6.93 
 80.89  -1.20  -2.56 
 80.94  -0.33   0.73 
 80.99  -0.56   1.96 
 81.04  -0.45   1.71 
 81.09   0.33   0.45 
 81.14   0.77  -0.42 
 81.19   0.08  -0.01 
 81.24  -1.00   0.75 
 81.29  -0.74   0.17 
 81.34   0.80  -1.51 
 81.39  -0.11  -1.95 
 81.44   0.35  -1.58 
 81.49   0.96  -0.72 
 81.54   0.70   1.17 
 81.59  -1.52   3.44 
 81.64   0.85   3.16 
 81.69  -0.52   2.42 
 81.74   0.59   1.33 
 81.79  -0.62   0.62 
 81.84   0.33  -0.32 
 81.89  -1.29  -0.90 
 81.94   1.54  -2.25 
 81.99  -1.47  -1.85 
 82.04  -1.47  -1.89 
 82.09  -1.06  -3.76 
 82.14  -0.05  -6.10 
 82.19   0.87  -7.10 
 82.24  -0.00  -5.53 
 82.29   0.26  -2.90 
 82.34  -0.98  -0.22 
 82.39  -0.35   0.86 
 82.44   0.50   0.59 
 82.49   2.25   0.62 
 82.54  -0.58   3.01 
 82.59  -1.59   4.63 
 82.64  -1.14   2.97 
 82.69   0.50  -0.73 
 82.74   1.05  -3.24 
 82.79   1.31  -3.05 
 82.84   1.11  -0.47 
 82.89   0.31   3.20 
 82.94   1.23   5.99 
 82.99   0.72   8.13 
 83.04   0.40   9.33 
 83.09   0.97   9.07 
 83.14  -0.95   8.23 
 83.19  -0.79   5.54 
 83.24   0.03   1.28 
 83.29  -0.44  -2.32 
 83.34  -0.71  -4.81 
 83.39   1.15  -6.51 
 83.44  -0.41  -5.62 
 83.49   0.73  -3.70 
 83.54  -1.75  -1.09 
 83.59   0.85  -0.43 
 83.64  -0.57   0.09 
 83.69  -2.26   0.29 
 83.74  -0.62  -2.18 
 83.79  -0.27  -5.22 
 83.84   1.03  -6.88 
 83.89   0.41  -5.76 
 83.94  -0.53  -2.90 
 83.99   0.19  -0.64 
 84.04  -0.25   0.99 
 84.09  -0.07   1.77 
 84.14   0.83   1.77 
 84.19   0.69   2.21 
 84.24  -1.56   3.18 
 84.29   1.28   2.02 
 84.34   1.00   1.30 
 84.39  -0.11   2.17 
 84.44  -0.90   2.74 
 84.49  -0.21   1.64 
 84.54   0.21  -0.11 
 84.59  -1.49  -1.22 
 84.64  -0.41  -3.13 
 84.69   0.01  -4.99 
 84.74   0.62  -5.50 
 84.79   0.96  -4.14 
 84.84   1.22  -1.09 
 84.89   1.75   2.96 
 84.94  -0.87   7.56 
 84.99  -1.05   9.27 
 85.04   1.34   7.13 
 85.09  -1.48   5.02 
 85.14  -0.82   1.73 
 85.19   1.07  -2.48 
 85.24  -1.59  -4.27 
 85.29   0.75  -5.73 
 85.34   1.07  -5.64 
 85.39  -1.11  -3.01 
 85.44   0.84  -1.14 
 85.49  -1.77   0.68 
 85.54  -0.66   0.47 
 85.59  -0.03  -1.31 
 85.64  -0.30  -2.65 
 85.69   0.35  -3.37 
 85.74   0.16  -3.01 
 85.79   0.87  -1.82 
 85.84  -1.18   0.33 
 85.89  -0.49   1.02 
 85.94   1.42   0.21 
 85.99   0.46   0.78 
 86.04   0.26   2.18 
 86.09  -0.01   3.22 
 86.14   1.45   3.41 
 86.19   2.10   4.31 
 86.24  -1.24   6.90 
 86.29   0.24   7.14 
 86.34   1.26   5.51 
 86.39   0.43   4.64 
 86.44  -2.68   4.17 
 86.49  -0.77   0.54 
 86.54  -0.46  -4.22 
 86.59  -0.25  -7.55 
 86.64   1.27  -8.86 
 86.69   2.04  -6.86 
 86.74   0.48  -1.42 
 86.79   0.93   4.17 
 86.84   1.24   8.42 
 86.89  -0.51  11.41 
 86.94  -0.69  11.33 
 86.99   0.14   8.06 
 87.04   0.54   3.96 
 87.09  -1.19   0.90 
 87.14   0.79  -2.34 
 87.19  -0.21  -3.95 
 87.24  -0.60  -4.11 
 87.29   1.03  -4.10 
 87.34   0.11  -2.54 
 87.39  -0.33  -0.32 
 87.44  -0.32   1.02 
 87.49  -0.35   1.26 
 87.54   1.00   0.67 
 87.59  -1.78   0.95 
 87.64  -0.48  -0.32 
 87.69  -1.95  -2.51 
 87.74   0.97  -5.73 
 87.79  -1.40  -6.84 
 87.84  -0.83  -7.17 
 87.89  -0.99  -7.50 
 87.94   1.05  -7.63 
 87.99  -0.06  -5.64 
 88.04  -0.24  -2.66 
 88.09  -0.59  -0.31 
 88.14   0.84   0.68 
 88.19  -1.40   1.79 
 88.24  -0.66   1.22 
 88.29   0.60  -0.78 
 88.34  -1.63  -1.76 
 88.39   0.02  -3.42 
 88.44  -0.48  -4.70 
 88.49   1.75  -5.12 
 88.54   1.13  -2.89 
 88.59   0.01   1.26 
 88.64   0.34   4.50 
 88.69  -0.26   6.21 
 88.74   3.15   6.08 
 88.79  -0.19   7.80 
 88.84  -2.01   8.82 
 88.89  -0.59   5.66 
 88.94  -0.45   0.72 
 88.99  -1.59  -3.63 
 89.04   0.28  -7.78 
 89.09   1.39  -9.64 
 89.14  -0.52  -7.48 
 89.19  -1.30  -4.30 
 89.24  -0.74  -2.76 
 89.29   0.33  -2.52 
 89.34  -0.13  -1.88 
 89.39  -1.96  -1.03 
 89.44   0.56  -2.24 
 89.49   0.58  -3.06 
 89.54  -1.81  -2.16 
 89.59   0.17  -2.61 
 89.64   0.76  -3.15 
 89.69   0.57  -2.05 
 89.74  -0.42   0.07 
 89.79   0.91   1.40 
 89.84  -1.31   2.75 
 89.89  -1.97   2.29 
 89.94   1.01  -1.12 
 89.99   0.11  -3.26 
 90.05   0.68  -3.49 
 90.10  -0.89  -2.22 
 90.15   1.61  -1.44 
 90.20  -0.59   0.57 
 90.25   0.66   2.07 
 90.30  -1.13   3.08 
 90.35  -1.00   2.38 
 90.40  -0.91  -0.15 
 90.45  -0.28  -3.30 
 90.50   0.45  -5.57 
 90.55   1.02  -5.74 
 90.60   1.00  -3.47 
 90.65   0.60   0.32 
 90.70   0.59   4.01 
 90.75  -0.26   6.68 
 90.80  -0.60   7.25 
 90.85  -0.08   5.47 
 90.90   0.54   2.75 
 90.95  -0.60   0.80 
 91.00   1.67  -1.06 
 91.05   1.58  -0.77 
 91.10   0.78   2.00 
 91.15   0.52   5.10 
 91.20  -0.87   7.17 
 91.25  -2.44   6.57 
 91.30  -0.81   1.96 
 91.35  -1.36  -3.68 
 91.40   0.77  -8.66 
 91.45   1.63 -10.32 
 91.50   0.29  -7.40 
 91.55  -0.41  -2.78 
 91.60  -1.01   0.75 
 91.65  -0.55   1.86 
 91.70   0.70   1.21 
 91.75  -0.03   0.94 
 91.80   1.88   0.88 
 91.85  -0.87   2.53 
 91.90  -2.70   3.25 
 91.95   0.14  -0.02 
 92.00  -1.03  -3.51 
 92.05   0.53  -6.21 
 92.10   0.15  -6.84 
 92.15   1.53  -5.50 
 92.20  -1.84  -1.87 
 92.25   0.45  -0.02 
 92.30   0.69   0.81 
 92.35  -1.30   2.15 
 92.40   1.06   1.71 
 92.45   2.22   1.47 
 92.50   0.20   3.75 
 92.55   1.04   5.91 
 92.60   0.19   7.38 
 92.65  -1.52   7.64 
 92.70   0.57   4.88 
 92.75  -0.51   1.78 
 92.80  -0.34  -0.97 
 92.85   0.48  -3.29 
 92.90   0.79  -3.95 
 92.95  -1.66  -2.58 
 93.00   1.63  -2.38 
 93.05   0.69  -0.96 
 93.10  -0.24   1.74 
 93.15   0.96   3.38 
 93.20  -0.96   4.70 
 93.25   0.05   4.20 
 93.30   0.88   2.59 
 93.35  -0.36   1.84 
 93.40  -0.25   1.03 
 93.45  -0.88  -0.17 
 93.50   0.29  -1.98 
 93.55  -0.29  -3.01 
 93.60  -0.19  -3.27 
 93.65   1.72  -3.14 
 93.70   0.50  -0.80 
 93.75  -0.56   2.35 
 93.80   0.48   3.78 
 93.85  -1.93   4.22 
 93.90  -1.81   1.98 
 93.95  -0.62  -2.75 
 94.00  -1.00  -7.05 
 94.05  -0.45  -9.95 
 94.10   0.85 -10.95 
 94.15   0.33  -8.83 
 94.20  -1.84  -4.83 
 94.25  -0.33  -2.73 
 94.30   1.86  -1.97 
 94.35  -0.76   0.65 
 94.40  -2.79   2.52 
 94.45  -2.19   0.15 
 94.50  -1.24  -5.12 
 94.55   0.69 -10.12 
 94.60  -0.63 -11.53 
 94.65   0.23 -10.48 
 94.70  -0.19  -7.74 
 94.75  -0.47  -4.35 
 94.80   1.47  -1.67 
 94.85  -1.47   1.78 
 94.90  -1.36   3.10 
 94.95  -0.32   1.31 
 95.00   0.92  -1.20 
 95.05   1.14  -1.95 
 95.10  -2.03  -0.49 
 95.15   0.56  -0.82 
 95.20  -0.82  -1.35 
 95.25  -0.30  -1.98 
 95.30  -1.96  -2.75 
 95.35  -0.40  -4.84 
 95.40  -0.89  -6.72 
 95.45  -0.78  -7.78 
 95.50   1.44  -8.19 
 95.55   1.15  -5.79 
 95.60   0.53  -1.07 
 95.65  -1.22   3.55 
 95.70  -1.24   5.12 
 95.75   0.29   3.34 
 95.80  -1.96   1.10 
 95.85  -0.10  -2.51 
 95.90  -0.77  -5.61 
 95.95   0.37  -7.48 
 96.00  -1.21  -7.31 
 96.05  -0.19  -6.76 
 96.10  -1.80  -5.81 
 96.15   0.07  -5.88 
 96.20  -0.24  -5.58 
 96.25  -1.75  -4.46 
 96.30  -0.20  -4.65 
 96.35   0.10  -4.93 
 96.40  -0.90  -4.14 
 96.45   0.81  -3.61 
 96.50  -0.69  -2.16 
 96.55  -1.89  -1.01 
 96.60  -0.38  -2.23 
 96.65  -0.98  -3.97 
 96.70  -0.72  -5.56 
 96.75  -1.53  -6.78 
 96.80   0.81  -8.17 
 96.85  -1.38  -7.46 
 96.90  -0.14  -6.45 
 96.95  -0.30  -5.29 
 97.00   0.53  -3.78 
 97.05  -0.99  -1.59 
 97.10   0.40  -0.47 
 97.15   0.90   0.31 
 97.20  -0.25   1.89 
 97.25  -0.44   2.82 
 97.30   0.44   2.35 
 97.35  -0.12   1.77 
 97.40   1.88   1.12 
 97.45   0.13   2.26 
 97.50  -2.07   3.67 
 97.55   0.69   1.92 
 97.60   0.67  -0.04 
 97.65  -1.09  -0.39 
 97.70  -0.66  -1.32 
 97.75   0.80  -2.90 
 97.80  -0.99  -2.96 
 97.85  -0.58  -3.00 
 97.90   0.22  -3.51 
 97.95  -1.17  -3.23 
 98.00   0.23  -3.45 
 98.05  -0.06  -3.28 
 98.10   1.74  -2.44 
 98.15   0.43   0.34 
 98.20  -0.63   3.52 
 98.25   0.88   4.64 
 98.30  -0.50   5.05 
 98.35   1.05   4.27 
 98.40  -1.55   3.67 
 98.45   1.04   1.49 
 98.50   0.41  -0.07 
 98.55   0.60  -0.22 
 98.60  -0.42   0.53 
 98.65   0.74   0.83 
 98.70  -0.08   1.40 
 98.75   0.31   1.81 
 98.80  -0.67   2.01 
 98.85   0.75   1.24 
 98.90  -0.08   0.87 
 98.95   0.78   0.73 
 99.00   0.73   1.24 
 99.05  -0.96   2.46 
 99.10  -1.29   2.22 
 99.15  -1.02  -0.15 
 99.20  -0.94  -3.45 
 99.25  -1.09  -6.52 
 99.30  -0.84  -8.92 
 99.35  -0.07 -10.21 
 99.40  -0.74  -9.56 
 99.45   0.96  -7.98 
 99.50   0.32  -4.68 
 99.55   1.13  -0.63 
 99.60   0.44   3.62 
 99.65   0.64   6.88 
 99.70   0.57   8.65 
 99.75  -0.97   9.05 
 99.80  -0.71   6.84 
 99.85  -0.09   2.73 
 99.90  -0.17  -1.13 
 99.95   0.83  -3.83 
100.00  -0.29  -4.20 
