  0.00   1.00   0.00 
  0.02   1.00   0.00 
  0.03   1.00   0.00 
  0.05   1.00   0.00 
  0.06   1.00   0.00 
  0.08   1.00   0.00 
  0.09   1.00   0.00 
  0.11   1.00   0.00 
  0.12   1.00   0.00 
  0.14   1.00   0.00 
  0.15   1.00   0.00 
  0.17   1.00   0.00 
  0.18   1.00   0.00 
  0.20   1.00   0.00 
  0.21   1.00   0.00 
  0.23   1.00   0.00 
  0.24   1.00   0.00 
  0.26   1.00   0.00 
  0.27   1.00   0.00 
  0.29   1.00   0.00 
  0.30   1.00   0.00 
  0.32   1.00   0.00 
  0.33   1.00   0.00 
  0.35   1.00   0.00 
  0.36   1.00   0.00 
  0.38   1.00   0.00 
  0.39   1.00   0.00 
  0.41   1.00   0.00 
  0.42   1.00   0.00 
  0.44   1.00   0.00 
  0.45   1.00   0.00 
  0.47   1.00   0.00 
  0.48   1.00   0.00 
  0.50   1.00   0.00 
  0.51   1.00   0.00 
  0.53   1.00   0.00 
  0.54   1.00   0.00 
  0.56   1.00   0.00 
  0.57   1.00   0.00 
  0.59   1.00   0.00 
  0.60   1.00   0.00 
  0.62   1.00   0.00 
  0.63   1.00   0.00 
  0.65   1.00   0.00 
  0.66   1.00   0.00 
  0.68   1.00   0.00 
  0.69   1.00   0.00 
  0.71   1.00   0.00 
  0.72   1.00   0.00 
  0.74   1.00   0.00 
  0.75   1.00   0.00 
  0.77   1.00   0.00 
  0.78   1.00   0.00 
  0.80   1.00   0.00 
  0.81   1.00   0.00 
  0.83   1.00   0.00 
  0.84   1.00   0.00 
  0.86   1.00   0.00 
  0.87   1.00   0.00 
  0.89   1.00   0.00 
  0.90   1.00   0.00 
  0.92   1.00   0.00 
  0.93   1.00   0.00 
  0.95   1.00   0.00 
  0.96   1.00   0.00 
  0.98   1.00   0.00 
  0.99   1.00   0.00 
  1.01   1.00   0.00 
  1.02   1.00   0.00 
  1.04   1.00   0.00 
  1.05   1.00   0.00 
  1.07   1.00   0.00 
  1.08   1.00   0.00 
  1.10   1.00   0.00 
  1.11   1.00   0.00 
  1.13   1.00   0.00 
  1.14   1.00   0.00 
  1.16   1.00   0.00 
  1.17   1.00   0.00 
  1.19   1.00   0.00 
  1.20   1.00   0.00 
  1.22   1.00   0.00 
  1.23   1.00   0.00 
  1.25   1.00   0.00 
  1.26   1.00   0.00 
  1.28   1.00   0.00 
  1.29   1.00   0.00 
  1.31   1.00   0.00 
  1.32   1.00   0.00 
  1.34   1.00   0.00 
  1.35   1.00   0.00 
  1.37   1.00   0.00 
  1.38   1.00   0.00 
  1.40   1.00   0.00 
  1.41   1.00   0.00 
  1.43   1.00   0.00 
  1.44   1.00   0.00 
  1.46   1.00   0.00 
  1.47   1.00   0.00 
  1.49   1.00   0.00 
  1.50   1.00   0.00 
  1.52   1.00   0.00 
  1.53   1.00   0.00 
  1.55   1.00   0.00 
  1.56   1.00   0.00 
  1.58   1.00   0.00 
  1.59   1.00   0.00 
  1.61   1.00   0.00 
  1.62   1.00   0.00 
  1.64   1.00   0.00 
  1.65   1.00   0.00 
  1.67   1.00   0.00 
  1.68   1.00   0.00 
  1.70   1.00   0.00 
  1.71   1.00   0.00 
  1.73   1.00   0.00 
  1.74   1.00   0.00 
  1.76   1.00   0.00 
  1.77   1.00   0.00 
  1.79   1.00   0.00 
  1.80   1.00   0.00 
  1.82   1.00   0.00 
  1.83   1.00   0.00 
  1.85   1.00   0.00 
  1.86   1.00   0.00 
  1.88   1.00   0.00 
  1.89   1.00   0.00 
  1.91   1.00   0.00 
  1.92   1.00   0.00 
  1.94   1.00   0.00 
  1.95   1.00   0.00 
  1.97   1.00   0.00 
  1.98   1.00   0.00 
  2.00   1.00   0.00 
  2.01   1.00   0.00 
  2.03   1.00   0.00 
  2.04   1.00   0.00 
  2.06   1.00   0.00 
  2.07   1.00   0.00 
  2.09   1.00   0.00 
  2.10   1.00   0.00 
  2.12   1.00   0.00 
  2.13   1.00   0.00 
  2.15   1.00   0.00 
  2.16   1.00   0.00 
  2.18   1.00   0.00 
  2.19   1.00   0.00 
  2.21   1.00   0.00 
  2.22   1.00   0.00 
  2.24   1.00   0.00 
  2.25   1.00   0.00 
  2.27   1.00   0.00 
  2.28   1.00   0.00 
  2.30   1.00   0.00 
  2.31   1.00   0.00 
  2.33   1.00   0.00 
  2.34   1.00   0.00 
  2.36   1.00   0.00 
  2.37   1.00   0.00 
  2.39   1.00   0.00 
  2.40   1.00   0.00 
  2.42   1.00   0.00 
  2.43   1.00   0.00 
  2.45   1.00   0.00 
  2.46   1.00   0.00 
  2.48   1.00   0.00 
  2.49   1.00   0.00 
  2.51   1.00   0.00 
  2.52   1.00   0.00 
  2.54   1.00   0.00 
  2.55   1.00   0.00 
  2.57   1.00   0.00 
  2.58   1.00   0.00 
  2.60   1.00   0.00 
  2.61   1.00   0.00 
  2.63   1.00   0.00 
  2.64   1.00   0.00 
  2.66   1.00   0.00 
  2.67   1.00   0.00 
  2.69   1.00   0.00 
  2.70   1.00   0.00 
  2.72   1.00   0.00 
  2.73   1.00   0.00 
  2.75   1.00   0.00 
  2.76   1.00   0.00 
  2.78   1.00   0.00 
  2.79   1.00   0.00 
  2.81   1.00   0.00 
  2.82   1.00   0.00 
  2.84   1.00   0.00 
  2.85   1.00   0.00 
  2.87   1.00   0.00 
  2.88   1.00   0.00 
  2.90   1.00   0.00 
  2.91   1.00   0.00 
  2.93   1.00   0.00 
  2.94   1.00   0.00 
  2.96   1.00   0.00 
  2.97   1.00   0.00 
  2.99   1.00   0.00 
  3.00   1.00   0.00 
  3.02   1.00   0.00 
  3.03   1.00   0.01 
  3.05   1.00   0.02 
  3.06   1.00   0.04 
  3.08   1.00   0.06 
  3.09   1.00   0.08 
  3.11   1.00   0.11 
  3.12   1.00   0.14 
  3.14   1.00   0.18 
  3.15   1.00   0.22 
  3.17   1.00   0.26 
  3.18   1.00   0.31 
  3.20   1.00   0.36 
  3.21   1.00   0.41 
  3.23   1.00   0.47 
  3.24   1.00   0.53 
  3.26   1.00   0.59 
  3.27   1.00   0.66 
  3.29   1.00   0.72 
  3.30   1.00   0.79 
  3.32   1.00   0.87 
  3.33   1.00   0.94 
  3.35   1.00   1.02 
  3.36   1.00   1.10 
  3.38   1.00   1.18 
  3.39   1.00   1.27 
  3.41   1.00   1.35 
  3.42   1.00   1.44 
  3.44   1.00   1.53 
  3.45   1.00   1.62 
  3.47   1.00   1.71 
  3.48   1.00   1.80 
  3.50   1.00   1.90 
  3.51   1.00   1.99 
  3.53   1.00   2.09 
  3.54   1.00   2.19 
  3.56   1.00   2.29 
  3.57   1.00   2.38 
  3.59   1.00   2.48 
  3.60   1.00   2.58 
  3.62   1.00   2.68 
  3.63   1.00   2.78 
  3.65   1.00   2.88 
  3.66   1.00   2.99 
  3.68   1.00   3.09 
  3.69   1.00   3.19 
  3.71   1.00   3.29 
  3.72   1.00   3.39 
  3.74   1.00   3.49 
  3.75   1.00   3.59 
  3.77   1.00   3.69 
  3.78   1.00   3.78 
  3.80   1.00   3.88 
  3.81   1.00   3.98 
  3.83   1.00   4.08 
  3.84   1.00   4.17 
  3.86   1.00   4.27 
  3.87   1.00   4.36 
  3.89   1.00   4.45 
  3.90   1.00   4.54 
  3.92   1.00   4.63 
  3.93   1.00   4.72 
  3.95   1.00   4.81 
  3.96   1.00   4.89 
  3.98   1.00   4.98 
  3.99   1.00   5.06 
  4.01   1.00   5.14 
  4.02   1.00   5.22 
  4.04   1.00   5.30 
  4.05   1.00   5.38 
  4.07   1.00   5.45 
  4.08   1.00   5.52 
  4.10   1.00   5.60 
  4.11   1.00   5.66 
  4.13   1.00   5.73 
  4.14   1.00   5.80 
  4.16   1.00   5.86 
  4.17   1.00   5.92 
  4.19   1.00   5.98 
  4.20   1.00   6.04 
  4.22   1.00   6.10 
  4.23   1.00   6.15 
  4.25   1.00   6.20 
  4.26   1.00   6.25 
  4.28   1.00   6.30 
  4.29   1.00   6.35 
  4.31   1.00   6.39 
  4.32   1.00   6.44 
  4.34   1.00   6.48 
  4.35   1.00   6.51 
  4.37   1.00   6.55 
  4.38   1.00   6.58 
  4.40   1.00   6.61 
  4.41   1.00   6.64 
  4.43   1.00   6.67 
  4.44   1.00   6.70 
  4.46   1.00   6.72 
  4.47   1.00   6.74 
  4.49   1.00   6.76 
  4.50   1.00   6.78 
  4.52   1.00   6.80 
  4.53   1.00   6.81 
  4.55   1.00   6.83 
  4.56   1.00   6.84 
  4.58   1.00   6.84 
  4.59   1.00   6.85 
  4.61   1.00   6.86 
  4.62   1.00   6.86 
  4.64   1.00   6.86 
  4.65   1.00   6.86 
  4.67   1.00   6.86 
  4.68   1.00   6.86 
  4.70   1.00   6.85 
  4.71   1.00   6.84 
  4.73   1.00   6.84 
  4.74   1.00   6.83 
  4.76   1.00   6.82 
  4.77   1.00   6.80 
  4.79   1.00   6.79 
  4.80   1.00   6.77 
  4.82   1.00   6.76 
  4.83   1.00   6.74 
  4.85   1.00   6.72 
  4.86   1.00   6.70 
  4.88   1.00   6.68 
  4.89   1.00   6.66 
  4.91   1.00   6.63 
  4.92   1.00   6.61 
  4.94   1.00   6.58 
  4.95   1.00   6.56 
  4.97   1.00   6.53 
  4.98   1.00   6.50 
  5.00   1.00   6.47 
  5.02   1.00   6.44 
  5.03   1.00   6.41 
  5.05   1.00   6.38 
  5.06   1.00   6.35 
  5.08   1.00   6.32 
  5.09   1.00   6.28 
  5.11   1.00   6.25 
  5.12   1.00   6.21 
  5.14   1.00   6.18 
  5.15   1.00   6.14 
  5.17   1.00   6.11 
  5.18   1.00   6.07 
  5.20   1.00   6.04 
  5.21   1.00   6.00 
  5.23   1.00   5.96 
  5.24   1.00   5.92 
  5.26   1.00   5.89 
  5.27   1.00   5.85 
  5.29   1.00   5.81 
  5.30   1.00   5.78 
  5.32   1.00   5.74 
  5.33   1.00   5.70 
  5.35   1.00   5.66 
  5.36   1.00   5.63 
  5.38   1.00   5.59 
  5.39   1.00   5.55 
  5.41   1.00   5.51 
  5.42   1.00   5.48 
  5.44   1.00   5.44 
  5.45   1.00   5.40 
  5.47   1.00   5.37 
  5.48   1.00   5.33 
  5.50   1.00   5.30 
  5.51   1.00   5.26 
  5.53   1.00   5.23 
  5.54   1.00   5.19 
  5.56   1.00   5.16 
  5.57   1.00   5.13 
  5.59   1.00   5.09 
  5.60   1.00   5.06 
  5.62   1.00   5.03 
  5.63   1.00   5.00 
  5.65   1.00   4.97 
  5.66   1.00   4.94 
  5.68   1.00   4.91 
  5.69   1.00   4.88 
  5.71   1.00   4.85 
  5.72   1.00   4.82 
  5.74   1.00   4.80 
  5.75   1.00   4.77 
  5.77   1.00   4.74 
  5.78   1.00   4.72 
  5.80   1.00   4.69 
  5.81   1.00   4.67 
  5.83   1.00   4.65 
  5.84   1.00   4.63 
  5.86   1.00   4.60 
  5.87   1.00   4.58 
  5.89   1.00   4.56 
  5.90   1.00   4.55 
  5.92   1.00   4.53 
  5.93   1.00   4.51 
  5.95   1.00   4.49 
  5.96   1.00   4.48 
  5.98   1.00   4.46 
  5.99   1.00   4.45 
  6.01   1.00   4.43 
  6.02   1.00   4.42 
  6.04   1.00   4.41 
  6.05   1.00   4.39 
  6.07   1.00   4.38 
  6.08   1.00   4.37 
  6.10   1.00   4.36 
  6.11   1.00   4.36 
  6.13   1.00   4.35 
  6.14   1.00   4.34 
  6.16   1.00   4.33 
  6.17   1.00   4.33 
  6.19   1.00   4.32 
  6.20   1.00   4.32 
  6.22   1.00   4.32 
  6.23   1.00   4.31 
  6.25   1.00   4.31 
  6.26   1.00   4.31 
  6.28   1.00   4.31 
  6.29   1.00   4.31 
  6.31   1.00   4.31 
  6.32   1.00   4.31 
  6.34   1.00   4.31 
  6.35   1.00   4.31 
  6.37   1.00   4.31 
  6.38   1.00   4.32 
  6.40   1.00   4.32 
  6.41   1.00   4.33 
  6.43   1.00   4.33 
  6.44   1.00   4.34 
  6.46   1.00   4.34 
  6.47   1.00   4.35 
  6.49   1.00   4.35 
  6.50   1.00   4.36 
  6.52   1.00   4.37 
  6.53   1.00   4.38 
  6.55   1.00   4.39 
  6.56   1.00   4.39 
  6.58   1.00   4.40 
  6.59   1.00   4.41 
  6.61   1.00   4.42 
  6.62   1.00   4.43 
  6.64   1.00   4.44 
  6.65   1.00   4.46 
  6.67   1.00   4.47 
  6.68   1.00   4.48 
  6.70   1.00   4.49 
  6.71   1.00   4.50 
  6.73   1.00   4.51 
  6.74   1.00   4.53 
  6.76   1.00   4.54 
  6.77   1.00   4.55 
  6.79   1.00   4.57 
  6.80   1.00   4.58 
  6.82   1.00   4.59 
  6.83   1.00   4.61 
  6.85   1.00   4.62 
  6.86   1.00   4.63 
  6.88   1.00   4.65 
  6.89   1.00   4.66 
  6.91   1.00   4.67 
  6.92   1.00   4.69 
  6.94   1.00   4.70 
  6.95   1.00   4.72 
  6.97   1.00   4.73 
  6.98   1.00   4.74 
  7.00   1.00   4.76 
  7.01   1.00   4.77 
  7.03   1.00   4.79 
  7.04   1.00   4.80 
  7.06   1.00   4.81 
  7.07   1.00   4.83 
  7.09   1.00   4.84 
  7.10   1.00   4.85 
  7.12   1.00   4.87 
  7.13   1.00   4.88 
  7.15   1.00   4.89 
  7.16   1.00   4.91 
  7.18   1.00   4.92 
  7.19   1.00   4.93 
  7.21   1.00   4.94 
  7.22   1.00   4.96 
  7.24   1.00   4.97 
  7.25   1.00   4.98 
  7.27   1.00   4.99 
  7.28   1.00   5.00 
  7.30   1.00   5.02 
  7.31   1.00   5.03 
  7.33   1.00   5.04 
  7.34   1.00   5.05 
  7.36   1.00   5.06 
  7.37   1.00   5.07 
  7.39   1.00   5.08 
  7.40   1.00   5.09 
  7.42   1.00   5.10 
  7.43   1.00   5.11 
  7.45   1.00   5.12 
  7.46   1.00   5.13 
  7.48   1.00   5.13 
  7.49   1.00   5.14 
  7.51   1.00   5.15 
  7.52   1.00   5.16 
  7.54   1.00   5.16 
  7.55   1.00   5.17 
  7.57   1.00   5.18 
  7.58   1.00   5.18 
  7.60   1.00   5.19 
  7.61   1.00   5.20 
  7.63   1.00   5.20 
  7.64   1.00   5.21 
  7.66   1.00   5.21 
  7.67   1.00   5.22 
  7.69   1.00   5.22 
  7.70   1.00   5.23 
  7.72   1.00   5.23 
  7.73   1.00   5.23 
  7.75   1.00   5.24 
  7.76   1.00   5.24 
  7.78   1.00   5.24 
  7.79   1.00   5.25 
  7.81   1.00   5.25 
  7.82   1.00   5.25 
  7.84   1.00   5.25 
  7.85   1.00   5.25 
  7.87   1.00   5.26 
  7.88   1.00   5.26 
  7.90   1.00   5.26 
  7.91   1.00   5.26 
  7.93   1.00   5.26 
  7.94   1.00   5.26 
  7.96   1.00   5.26 
  7.97   1.00   5.26 
  7.99   1.00   5.26 
  8.00   1.00   5.26 
  8.02   1.00   5.26 
  8.03   1.00   5.25 
  8.05   1.00   5.25 
  8.06   1.00   5.25 
  8.08   1.00   5.25 
  8.09   1.00   5.25 
  8.11   1.00   5.24 
  8.12   1.00   5.24 
  8.14   1.00   5.24 
  8.15   1.00   5.24 
  8.17   1.00   5.23 
  8.18   1.00   5.23 
  8.20   1.00   5.23 
  8.21   1.00   5.22 
  8.23   1.00   5.22 
  8.24   1.00   5.22 
  8.26   1.00   5.21 
  8.27   1.00   5.21 
  8.29   1.00   5.21 
  8.30   1.00   5.20 
  8.32   1.00   5.20 
  8.33   1.00   5.19 
  8.35   1.00   5.19 
  8.36   1.00   5.18 
  8.38   1.00   5.18 
  8.39   1.00   5.17 
  8.41   1.00   5.17 
  8.42   1.00   5.16 
  8.44   1.00   5.16 
  8.45   1.00   5.16 
  8.47   1.00   5.15 
  8.48   1.00   5.15 
  8.50   1.00   5.14 
  8.51   1.00   5.14 
  8.53   1.00   5.13 
  8.54   1.00   5.12 
  8.56   1.00   5.12 
  8.57   1.00   5.11 
  8.59   1.00   5.11 
  8.60   1.00   5.10 
  8.62   1.00   5.10 
  8.63   1.00   5.09 
  8.65   1.00   5.09 
  8.66   1.00   5.08 
  8.68   1.00   5.08 
  8.69   1.00   5.07 
  8.71   1.00   5.07 
  8.72   1.00   5.06 
  8.74   1.00   5.06 
  8.75   1.00   5.05 
  8.77   1.00   5.05 
  8.78   1.00   5.04 
  8.80   1.00   5.04 
  8.81   1.00   5.03 
  8.83   1.00   5.03 
  8.84   1.00   5.02 
  8.86   1.00   5.02 
  8.87   1.00   5.01 
  8.89   1.00   5.01 
  8.90   1.00   5.01 
  8.92   1.00   5.00 
  8.93   1.00   5.00 
  8.95   1.00   4.99 
  8.96   1.00   4.99 
  8.98   1.00   4.98 
  8.99   1.00   4.98 
  9.01   1.00   4.98 
  9.02   1.00   4.97 
  9.04   1.00   4.97 
  9.05   1.00   4.97 
  9.07   1.00   4.96 
  9.08   1.00   4.96 
  9.10   1.00   4.96 
  9.11   1.00   4.95 
  9.13   1.00   4.95 
  9.14   1.00   4.95 
  9.16   1.00   4.94 
  9.17   1.00   4.94 
  9.19   1.00   4.94 
  9.20   1.00   4.94 
  9.22   1.00   4.93 
  9.23   1.00   4.93 
  9.25   1.00   4.93 
  9.26   1.00   4.93 
  9.28   1.00   4.92 
  9.29   1.00   4.92 
  9.31   1.00   4.92 
  9.32   1.00   4.92 
  9.34   1.00   4.92 
  9.35   1.00   4.92 
  9.37   1.00   4.91 
  9.38   1.00   4.91 
  9.40   1.00   4.91 
  9.41   1.00   4.91 
  9.43   1.00   4.91 
  9.44   1.00   4.91 
  9.46   1.00   4.91 
  9.47   1.00   4.91 
  9.49   1.00   4.91 
  9.50   1.00   4.91 
  9.52   1.00   4.90 
  9.53   1.00   4.90 
  9.55   1.00   4.90 
  9.56   1.00   4.90 
  9.58   1.00   4.90 
  9.59   1.00   4.90 
  9.61   1.00   4.90 
  9.62   1.00   4.90 
  9.64   1.00   4.90 
  9.65   1.00   4.90 
  9.67   1.00   4.91 
  9.68   1.00   4.91 
  9.70   1.00   4.91 
  9.71   1.00   4.91 
  9.73   1.00   4.91 
  9.74   1.00   4.91 
  9.76   1.00   4.91 
  9.77   1.00   4.91 
  9.79   1.00   4.91 
  9.80   1.00   4.91 
  9.82   1.00   4.91 
  9.83   1.00   4.91 
  9.85   1.00   4.92 
  9.86   1.00   4.92 
  9.88   1.00   4.92 
  9.89   1.00   4.92 
  9.91   1.00   4.92 
  9.92   1.00   4.92 
  9.94   1.00   4.92 
  9.95   1.00   4.93 
  9.97   1.00   4.93 
  9.98   1.00   4.93 
 10.00   1.00   4.93 
 10.02   1.00   4.93 
 10.03   1.00   4.93 
 10.05   1.00   4.94 
 10.06   1.00   4.94 
 10.08   1.00   4.94 
 10.09   1.00   4.94 
 10.11   1.00   4.94 
 10.12   1.00   4.94 
 10.14   1.00   4.95 
 10.15   1.00   4.95 
 10.17   1.00   4.95 
 10.18   1.00   4.95 
 10.20   1.00   4.95 
 10.21   1.00   4.96 
 10.23   1.00   4.96 
 10.24   1.00   4.96 
 10.26   1.00   4.96 
 10.27   1.00   4.96 
 10.29   1.00   4.97 
 10.30   1.00   4.97 
 10.32   1.00   4.97 
 10.33   1.00   4.97 
 10.35   1.00   4.97 
 10.36   1.00   4.98 
 10.38   1.00   4.98 
 10.39   1.00   4.98 
 10.41   1.00   4.98 
 10.42   1.00   4.98 
 10.44   1.00   4.98 
 10.45   1.00   4.99 
 10.47   1.00   4.99 
 10.48   1.00   4.99 
 10.50   1.00   4.99 
 10.51   1.00   4.99 
 10.53   1.00   5.00 
 10.54   1.00   5.00 
 10.56   1.00   5.00 
 10.57   1.00   5.00 
 10.59   1.00   5.00 
 10.60   1.00   5.00 
 10.62   1.00   5.00 
 10.63   1.00   5.01 
 10.65   1.00   5.01 
 10.66   1.00   5.01 
 10.68   1.00   5.01 
 10.69   1.00   5.01 
 10.71   1.00   5.01 
 10.72   1.00   5.01 
 10.74   1.00   5.02 
 10.75   1.00   5.02 
 10.77   1.00   5.02 
 10.78   1.00   5.02 
 10.80   1.00   5.02 
 10.81   1.00   5.02 
 10.83   1.00   5.02 
 10.84   1.00   5.02 
 10.86   1.00   5.02 
 10.87   1.00   5.03 
 10.89   1.00   5.03 
 10.90   1.00   5.03 
 10.92   1.00   5.03 
 10.93   1.00   5.03 
 10.95   1.00   5.03 
 10.96   1.00   5.03 
 10.98   1.00   5.03 
 10.99   1.00   5.03 
 11.01   1.00   5.03 
 11.02   1.00   5.03 
 11.04   1.00   5.03 
 11.05   1.00   5.03 
 11.07   1.00   5.03 
 11.08   1.00   5.03 
 11.10   1.00   5.03 
 11.11   1.00   5.03 
 11.13   1.00   5.03 
 11.14   1.00   5.04 
 11.16   1.00   5.04 
 11.17   1.00   5.04 
 11.19   1.00   5.04 
 11.20   1.00   5.04 
 11.22   1.00   5.04 
 11.23   1.00   5.04 
 11.25   1.00   5.04 
 11.26   1.00   5.04 
 11.28   1.00   5.04 
 11.29   1.00   5.04 
 11.31   1.00   5.04 
 11.32   1.00   5.04 
 11.34   1.00   5.04 
 11.35   1.00   5.03 
 11.37   1.00   5.03 
 11.38   1.00   5.03 
 11.40   1.00   5.03 
 11.41   1.00   5.03 
 11.43   1.00   5.03 
 11.44   1.00   5.03 
 11.46   1.00   5.03 
 11.47   1.00   5.03 
 11.49   1.00   5.03 
 11.50   1.00   5.03 
 11.52   1.00   5.03 
 11.53   1.00   5.03 
 11.55   1.00   5.03 
 11.56   1.00   5.03 
 11.58   1.00   5.03 
 11.59   1.00   5.03 
 11.61   1.00   5.03 
 11.62   1.00   5.03 
 11.64   1.00   5.03 
 11.65   1.00   5.03 
 11.67   1.00   5.03 
 11.68   1.00   5.02 
 11.70   1.00   5.02 
 11.71   1.00   5.02 
 11.73   1.00   5.02 
 11.74   1.00   5.02 
 11.76   1.00   5.02 
 11.77   1.00   5.02 
 11.79   1.00   5.02 
 11.80   1.00   5.02 
 11.82   1.00   5.02 
 11.83   1.00   5.02 
 11.85   1.00   5.02 
 11.86   1.00   5.02 
 11.88   1.00   5.02 
 11.89   1.00   5.01 
 11.91   1.00   5.01 
 11.92   1.00   5.01 
 11.94   1.00   5.01 
 11.95   1.00   5.01 
 11.97   1.00   5.01 
 11.98   1.00   5.01 
 12.00   1.00   5.01 
 12.01   1.00   5.01 
 12.03   1.00   5.01 
 12.04   1.00   5.01 
 12.06   1.00   5.01 
 12.07   1.00   5.01 
 12.09   1.00   5.01 
 12.10   1.00   5.00 
 12.12   1.00   5.00 
 12.13   1.00   5.00 
 12.15   1.00   5.00 
 12.16   1.00   5.00 
 12.18   1.00   5.00 
 12.19   1.00   5.00 
 12.21   1.00   5.00 
 12.22   1.00   5.00 
 12.24   1.00   5.00 
 12.25   1.00   5.00 
 12.27   1.00   5.00 
 12.28   1.00   5.00 
 12.30   1.00   5.00 
 12.31   1.00   5.00 
 12.33   1.00   5.00 
 12.34   1.00   5.00 
 12.36   1.00   4.99 
 12.37   1.00   4.99 
 12.39   1.00   4.99 
 12.40   1.00   4.99 
 12.42   1.00   4.99 
 12.43   1.00   4.99 
 12.45   1.00   4.99 
 12.46   1.00   4.99 
 12.48   1.00   4.99 
 12.49   1.00   4.99 
 12.51   1.00   4.99 
 12.52   1.00   4.99 
 12.54   1.00   4.99 
 12.55   1.00   4.99 
 12.57   1.00   4.99 
 12.58   1.00   4.99 
 12.60   1.00   4.99 
 12.61   1.00   4.99 
 12.63   1.00   4.99 
 12.64   1.00   4.99 
 12.66   1.00   4.99 
 12.67   1.00   4.99 
 12.69   1.00   4.99 
 12.70   1.00   4.99 
 12.72   1.00   4.99 
 12.73   1.00   4.99 
 12.75   1.00   4.99 
 12.76   1.00   4.99 
 12.78   1.00   4.99 
 12.79   1.00   4.99 
 12.81   1.00   4.99 
 12.82   1.00   4.99 
 12.84   1.00   4.99 
 12.85   1.00   4.99 
 12.87   1.00   4.99 
 12.88   1.00   4.99 
 12.90   1.00   4.99 
 12.91   1.00   4.99 
 12.93   1.00   4.99 
 12.94   1.00   4.99 
 12.96   1.00   4.99 
 12.97   1.00   4.99 
 12.99   1.00   4.99 
 13.00   1.00   4.99 
 13.02   1.00   4.99 
 13.03   1.00   4.99 
 13.05   1.00   4.99 
 13.06   1.00   4.99 
 13.08   1.00   4.99 
 13.09   1.00   4.99 
 13.11   1.00   4.99 
 13.12   1.00   4.99 
 13.14   1.00   4.99 
 13.15   1.00   4.99 
 13.17   1.00   4.99 
 13.18   1.00   4.99 
 13.20   1.00   4.99 
 13.21   1.00   4.99 
 13.23   1.00   4.99 
 13.24   1.00   4.99 
 13.26   1.00   4.99 
 13.27   1.00   4.99 
 13.29   1.00   4.99 
 13.30   1.00   4.99 
 13.32   1.00   4.99 
 13.33   1.00   4.99 
 13.35   1.00   4.99 
 13.36   1.00   4.99 
 13.38   1.00   4.99 
 13.39   1.00   4.99 
 13.41   1.00   4.99 
 13.42   1.00   4.99 
 13.44   1.00   4.99 
 13.45   1.00   4.99 
 13.47   1.00   4.99 
 13.48   1.00   4.99 
 13.50   1.00   4.99 
 13.51   1.00   4.99 
 13.53   1.00   4.99 
 13.54   1.00   4.99 
 13.56   1.00   4.99 
 13.57   1.00   5.00 
 13.59   1.00   5.00 
 13.60   1.00   5.00 
 13.62   1.00   5.00 
 13.63   1.00   5.00 
 13.65   1.00   5.00 
 13.66   1.00   5.00 
 13.68   1.00   5.00 
 13.69   1.00   5.00 
 13.71   1.00   5.00 
 13.72   1.00   5.00 
 13.74   1.00   5.00 
 13.75   1.00   5.00 
 13.77   1.00   5.00 
 13.78   1.00   5.00 
 13.80   1.00   5.00 
 13.81   1.00   5.00 
 13.83   1.00   5.00 
 13.84   1.00   5.00 
 13.86   1.00   5.00 
 13.87   1.00   5.00 
 13.89   1.00   5.00 
 13.90   1.00   5.00 
 13.92   1.00   5.00 
 13.93   1.00   5.00 
 13.95   1.00   5.00 
 13.96   1.00   5.00 
 13.98   1.00   5.00 
 13.99   1.00   5.00 
 14.01   1.00   5.00 
 14.02   1.00   5.00 
 14.04   1.00   5.00 
 14.05   1.00   5.00 
 14.07   1.00   5.00 
 14.08   1.00   5.00 
 14.10   1.00   5.00 
 14.11   1.00   5.00 
 14.13   1.00   5.00 
 14.14   1.00   5.00 
 14.16   1.00   5.00 
 14.17   1.00   5.00 
 14.19   1.00   5.00 
 14.20   1.00   5.00 
 14.22   1.00   5.00 
 14.23   1.00   5.00 
 14.25   1.00   5.00 
 14.26   1.00   5.00 
 14.28   1.00   5.00 
 14.29   1.00   5.00 
 14.31   1.00   5.00 
 14.32   1.00   5.00 
 14.34   1.00   5.00 
 14.35   1.00   5.00 
 14.37   1.00   5.00 
 14.38   1.00   5.00 
 14.40   1.00   5.00 
 14.41   1.00   5.00 
 14.43   1.00   5.00 
 14.44   1.00   5.00 
 14.46   1.00   5.00 
 14.47   1.00   5.00 
 14.49   1.00   5.00 
 14.50   1.00   5.00 
 14.52   1.00   5.00 
 14.53   1.00   5.00 
 14.55   1.00   5.00 
 14.56   1.00   5.00 
 14.58   1.00   5.00 
 14.59   1.00   5.00 
 14.61   1.00   5.00 
 14.62   1.00   5.00 
 14.64   1.00   5.00 
 14.65   1.00   5.00 
 14.67   1.00   5.00 
 14.68   1.00   5.00 
 14.70   1.00   5.00 
 14.71   1.00   5.00 
 14.73   1.00   5.00 
 14.74   1.00   5.00 
 14.76   1.00   5.00 
 14.77   1.00   5.00 
 14.79   1.00   5.00 
 14.80   1.00   5.00 
 14.82   1.00   5.00 
 14.83   1.00   5.00 
 14.85   1.00   5.00 
 14.86   1.00   5.00 
 14.88   1.00   5.00 
 14.89   1.00   5.00 
 14.91   1.00   5.00 
 14.92   1.00   5.00 
 14.94   1.00   5.00 
 14.95   1.00   5.00 
 14.97   1.00   5.00 
 14.98   1.00   5.00 
 15.00   1.00   5.00 
