	0.000000	0.000000	1.211076
	5.000000	0.000000	-0.586980
	10.000000	0.000000	-0.156116
	15.000000	0.000000	-0.762420
	20.000000	0.000000	-1.061554
	25.000000	0.000000	1.081056
	30.000000	0.000000	-0.231486
	35.000000	0.000000	-0.383878
	40.000000	0.000000	0.697812
	45.000000	0.000000	1.992700
	50.000000	0.000000	-0.643328
	55.000000	0.000000	-0.500442
	60.000000	1.000000	0.198668
	65.000000	1.000000	1.367854
	70.000000	1.000000	2.989813
	75.000000	1.000000	10.268015
	80.000000	1.000000	19.826836
	85.000000	1.000000	26.860832
	90.000000	0.000000	33.810463
	95.000000	0.000000	38.830634
	100.000000	1.000000	41.599028
	105.000000	1.000000	38.366984
	110.000000	1.000000	37.653380
	115.000000	0.000000	42.172308
	120.000000	0.000000	45.974511
	125.000000	0.000000	44.968055
	130.000000	0.000000	41.191085
	135.000000	0.000000	37.666956
	140.000000	1.000000	31.758508
	145.000000	1.000000	29.008284
	150.000000	0.000000	29.965924
	155.000000	0.000000	35.881573
	160.000000	1.000000	36.708208
	165.000000	1.000000	33.863490
	170.000000	1.000000	34.665877
	175.000000	0.000000	37.154541
	180.000000	0.000000	43.111823
	185.000000	0.000000	41.328880
	190.000000	0.000000	40.284525
	195.000000	1.000000	36.696001
	200.000000	1.000000	31.186014
	205.000000	1.000000	32.372942
	210.000000	0.000000	37.186964
	215.000000	0.000000	42.088529
	220.000000	1.000000	41.344891
	225.000000	0.000000	38.616097
	230.000000	1.000000	38.154672
	235.000000	1.000000	38.666768
	240.000000	0.000000	39.731545
	245.000000	0.000000	43.243733
	250.000000	1.000000	42.096901
	255.000000	1.000000	40.109269
	260.000000	1.000000	38.901243
	265.000000	1.000000	44.752544
	270.000000	0.000000	45.984534
	275.000000	1.000000	49.426837
	280.000000	1.000000	49.652995
	285.000000	1.000000	50.507024
	290.000000	1.000000	54.039305
	295.000000	0.000000	56.413529
	300.000000	0.000000	59.213749
	305.000000	0.000000	57.015628
	310.000000	0.000000	53.275420
	315.000000	1.000000	47.513166
	320.000000	1.000000	40.404449
	325.000000	1.000000	40.363551
	330.000000	1.000000	44.530221
	335.000000	1.000000	48.653366
	340.000000	1.000000	51.737547
	345.000000	0.000000	55.864651
	350.000000	1.000000	58.485166
	355.000000	1.000000	57.983638
	360.000000	1.000000	57.407235
	365.000000	1.000000	58.142095
	370.000000	0.000000	60.802213
	375.000000	0.000000	62.356450
	380.000000	1.000000	63.084899
	385.000000	0.000000	55.792283
	390.000000	1.000000	53.195144
	395.000000	1.000000	51.292807
	400.000000	1.000000	50.535735
	405.000000	1.000000	54.577944
	410.000000	0.000000	55.861851
	415.000000	1.000000	59.495988
	420.000000	1.000000	58.403210
	425.000000	1.000000	57.223836
	430.000000	1.000000	58.226062
	435.000000	0.000000	62.503248
	440.000000	1.000000	63.686021
	445.000000	0.000000	63.311420
	450.000000	0.000000	61.325269
	455.000000	1.000000	57.566643
	460.000000	1.000000	52.051198
	465.000000	1.000000	51.114091
	470.000000	0.000000	52.075869
	475.000000	1.000000	54.835010
	480.000000	0.000000	54.842869
	485.000000	0.000000	55.029773
	490.000000	1.000000	53.713303
	495.000000	0.000000	47.037753
	500.000000	1.000000	47.141982
	505.000000	1.000000	45.007983
	510.000000	0.000000	45.380114
	515.000000	0.000000	48.444816
	520.000000	0.000000	47.004334
	525.000000	0.000000	43.641984
	530.000000	0.000000	38.510909
	535.000000	1.000000	34.810264
	540.000000	0.000000	30.637928
	545.000000	1.000000	30.932455
	550.000000	0.000000	29.934564
	555.000000	0.000000	32.714183
	560.000000	1.000000	33.560851
	565.000000	1.000000	31.454435
	570.000000	1.000000	31.432400
	575.000000	1.000000	36.308312
	580.000000	1.000000	39.539635
	585.000000	0.000000	46.570128
	590.000000	1.000000	50.562553
	595.000000	1.000000	49.711704
	600.000000	0.000000	50.712221
	605.000000	0.000000	52.147818
	610.000000	1.000000	52.336673
	615.000000	1.000000	47.623296
	620.000000	1.000000	47.116034
	625.000000	0.000000	49.300655
	630.000000	0.000000	53.403363
	635.000000	0.000000	52.691186
	640.000000	1.000000	46.673768
	645.000000	1.000000	40.632456
	650.000000	1.000000	42.476759
	655.000000	1.000000	43.938188
	660.000000	0.000000	49.641753
	665.000000	0.000000	51.612332
	670.000000	0.000000	49.828728
	675.000000	0.000000	47.121410
	680.000000	0.000000	43.495115
	685.000000	1.000000	38.122241
	690.000000	0.000000	32.787137
	695.000000	1.000000	31.754564
	700.000000	1.000000	32.468495
	705.000000	1.000000	36.263800
	710.000000	1.000000	40.431081
	715.000000	1.000000	44.427936
	720.000000	1.000000	49.388863
	725.000000	1.000000	51.583781
	730.000000	0.000000	53.496922
	735.000000	1.000000	60.157196
	740.000000	0.000000	58.504484
	745.000000	0.000000	57.977695
	750.000000	0.000000	54.824571
	755.000000	1.000000	49.641091
	760.000000	0.000000	42.833239
	765.000000	1.000000	42.362106
	770.000000	1.000000	43.331396
	775.000000	0.000000	41.448862
	780.000000	1.000000	46.335906
	785.000000	1.000000	44.973625
	790.000000	0.000000	44.627477
	795.000000	0.000000	49.516177
	800.000000	0.000000	48.554746
	805.000000	0.000000	46.461911
	810.000000	0.000000	40.057565
	815.000000	1.000000	34.829933
	820.000000	1.000000	31.681206
	825.000000	0.000000	30.770200
	830.000000	0.000000	36.695531
	835.000000	0.000000	38.645209
	840.000000	1.000000	32.261108
	845.000000	1.000000	31.079641
	850.000000	0.000000	30.108742
	855.000000	0.000000	37.269116
	860.000000	0.000000	36.856797
	865.000000	1.000000	35.037290
	870.000000	1.000000	29.480149
	875.000000	0.000000	31.010550
	880.000000	1.000000	35.385160
	885.000000	0.000000	37.251965
	890.000000	1.000000	37.774854
	895.000000	1.000000	38.750922
	900.000000	0.000000	38.457331
	905.000000	1.000000	41.886632
	910.000000	1.000000	43.078698
	915.000000	1.000000	41.763172
	920.000000	0.000000	48.542580
	925.000000	0.000000	50.781938
	930.000000	1.000000	50.543472
	935.000000	0.000000	45.881374
	940.000000	1.000000	45.088258
	945.000000	0.000000	43.024720
	950.000000	0.000000	45.375212
	955.000000	1.000000	42.491764
	960.000000	1.000000	40.158748
	965.000000	1.000000	41.524891
	970.000000	1.000000	41.453385
	975.000000	0.000000	46.779297
	980.000000	0.000000	51.352505
	985.000000	1.000000	51.319865
	990.000000	1.000000	45.418059
	995.000000	0.000000	44.502904
	1000.000000	0.000000	48.644332
	1005.000000	0.000000	47.915348
	1010.000000	1.000000	42.982090
	1015.000000	0.000000	39.046879
	1020.000000	0.000000	41.168796
	1025.000000	0.000000	37.539775
	1030.000000	1.000000	33.289566
	1035.000000	1.000000	30.967038
	1040.000000	1.000000	31.715956
	1045.000000	1.000000	34.269030
	1050.000000	1.000000	41.238471
	1055.000000	1.000000	47.816548
	1060.000000	0.000000	48.767564
	1065.000000	1.000000	54.259360
	1070.000000	0.000000	52.420899
	1075.000000	1.000000	54.375099
	1080.000000	1.000000	52.017735
	1085.000000	0.000000	51.764182
	1090.000000	0.000000	50.596798
	1095.000000	1.000000	52.932879
	1100.000000	1.000000	47.392967
	1105.000000	1.000000	46.271854
	1110.000000	0.000000	49.309496
	1115.000000	1.000000	51.975292
	1120.000000	1.000000	51.106685
	1125.000000	1.000000	51.650499
	1130.000000	1.000000	54.660921
	1135.000000	1.000000	57.535769
	1140.000000	1.000000	61.337527
	1145.000000	1.000000	63.019717
	1150.000000	1.000000	62.804403
	1155.000000	1.000000	67.137846
	1160.000000	1.000000	68.624080
	1165.000000	0.000000	71.695517
	1170.000000	0.000000	72.357601
	1175.000000	1.000000	71.472164
	1180.000000	1.000000	62.463283
	1185.000000	1.000000	60.938653
	1190.000000	1.000000	61.419145
	1195.000000	0.000000	62.505911
	1200.000000	0.000000	65.164165
	1205.000000	0.000000	63.045228
	1210.000000	0.000000	57.989037
	1215.000000	1.000000	53.000953
	1220.000000	0.000000	47.704560
	1225.000000	0.000000	42.068442
	1230.000000	1.000000	43.787343
	1235.000000	1.000000	39.527703
	1240.000000	1.000000	39.890729
	1245.000000	0.000000	42.962725
	1250.000000	0.000000	46.102160
	1255.000000	0.000000	47.081140
	1260.000000	0.000000	43.236192
	1265.000000	0.000000	36.635546
	1270.000000	0.000000	33.731080
	1275.000000	1.000000	32.317073
	1280.000000	0.000000	26.158194
	1285.000000	0.000000	27.712598
	1290.000000	1.000000	27.460215
	1295.000000	1.000000	26.386978
	1300.000000	0.000000	28.263039
	1305.000000	0.000000	31.504941
	1310.000000	1.000000	31.927857
	1315.000000	0.000000	32.236270
	1320.000000	0.000000	31.280750
	1325.000000	0.000000	30.750542
	1330.000000	1.000000	31.105490
	1335.000000	1.000000	27.754253
	1340.000000	0.000000	28.513202
	1345.000000	0.000000	34.351447
	1350.000000	0.000000	35.293102
	1355.000000	0.000000	32.634440
	1360.000000	0.000000	28.356911
	1365.000000	1.000000	24.040601
	1370.000000	1.000000	23.315687
	1375.000000	0.000000	21.889201
	1380.000000	1.000000	29.186998
	1385.000000	0.000000	30.557075
	1390.000000	1.000000	32.681387
	1395.000000	1.000000	33.892523
	1400.000000	0.000000	33.896613
	1405.000000	0.000000	39.415796
	1410.000000	1.000000	39.914456
	1415.000000	1.000000	38.715103
	1420.000000	0.000000	35.792714
	1425.000000	0.000000	41.724944
	1430.000000	1.000000	39.671058
	1435.000000	1.000000	37.827380
	1440.000000	1.000000	37.157730
	1445.000000	1.000000	40.246358
	1450.000000	0.000000	46.561974
	1455.000000	1.000000	52.218290
	1460.000000	0.000000	48.282517
	1465.000000	1.000000	51.939833
	1470.000000	1.000000	47.283944
	1475.000000	0.000000	48.576939
	1480.000000	0.000000	50.009058
	1485.000000	0.000000	50.325327
	1490.000000	1.000000	45.775968
	1495.000000	1.000000	39.836035
	1500.000000	0.000000	41.269417
	1505.000000	1.000000	43.889676
	1510.000000	1.000000	43.832815
	1515.000000	0.000000	44.991452
	1520.000000	1.000000	48.643354
	1525.000000	0.000000	47.747643
	1530.000000	1.000000	45.613621
	1535.000000	1.000000	44.246368
	1540.000000	0.000000	45.550617
	1545.000000	1.000000	50.735988
	1550.000000	1.000000	48.327294
	1555.000000	0.000000	48.820659
	1560.000000	0.000000	52.683351
	1565.000000	0.000000	52.490999
	1570.000000	1.000000	45.040106
	1575.000000	0.000000	40.646576
	1580.000000	1.000000	40.909223
	1585.000000	1.000000	40.657253
	1590.000000	0.000000	39.969738
	1595.000000	0.000000	42.819617
	1600.000000	1.000000	44.011547
	1605.000000	1.000000	41.293652
	1610.000000	0.000000	41.042388
	1615.000000	0.000000	44.262084
	1620.000000	0.000000	44.274167
	1625.000000	1.000000	39.209136
	1630.000000	1.000000	34.564319
	1635.000000	1.000000	35.728287
	1640.000000	0.000000	39.721137
	1645.000000	1.000000	43.731701
	1650.000000	1.000000	46.429442
	1655.000000	1.000000	42.906081
	1660.000000	0.000000	50.335886
	1665.000000	0.000000	51.518842
	1670.000000	0.000000	50.238934
	1675.000000	1.000000	46.739092
	1680.000000	1.000000	42.070078
	1685.000000	1.000000	41.679970
	1690.000000	0.000000	44.936956
	1695.000000	1.000000	49.334471
	1700.000000	0.000000	48.193580
	1705.000000	0.000000	49.504455
	1710.000000	0.000000	45.684303
	1715.000000	0.000000	42.626455
	1720.000000	0.000000	38.943578
	1725.000000	1.000000	32.852414
	1730.000000	0.000000	30.199922
	1735.000000	0.000000	32.152575
	1740.000000	1.000000	30.315502
	1745.000000	0.000000	30.447757
	1750.000000	0.000000	29.919180
	1755.000000	1.000000	30.766713
	1760.000000	1.000000	25.732425
	1765.000000	0.000000	28.086960
	1770.000000	0.000000	35.202114
	1775.000000	1.000000	34.218060
	1780.000000	1.000000	34.390441
	1785.000000	1.000000	34.350501
	1790.000000	0.000000	36.845002
	1795.000000	1.000000	41.841715
	1800.000000	1.000000	43.665318
	1805.000000	0.000000	42.637059
	1810.000000	1.000000	48.642973
	1815.000000	1.000000	45.623258
	1820.000000	1.000000	47.271087
	1825.000000	1.000000	48.822804
	1830.000000	1.000000	53.991676
	1835.000000	0.000000	55.317711
	1840.000000	1.000000	60.083266
	1845.000000	1.000000	57.403544
	1850.000000	0.000000	55.898898
	1855.000000	1.000000	59.982647
	1860.000000	0.000000	57.576233
	1865.000000	1.000000	55.542625
	1870.000000	1.000000	53.086269
	1875.000000	0.000000	53.007144
	1880.000000	0.000000	55.712861
	1885.000000	1.000000	54.229050
	1890.000000	0.000000	49.282061
	1895.000000	0.000000	50.170470
	1900.000000	0.000000	47.598197
	1905.000000	1.000000	42.258168
	1910.000000	1.000000	37.900122
	1915.000000	1.000000	38.971343
	1920.000000	0.000000	41.480710
	1925.000000	0.000000	46.487815
	1930.000000	0.000000	44.766231
	1935.000000	0.000000	42.657529
	1940.000000	1.000000	37.656759
	1945.000000	0.000000	35.057326
	1950.000000	0.000000	34.524737
	1955.000000	0.000000	32.319302
	1960.000000	0.000000	29.803400
	1965.000000	1.000000	28.428443
	1970.000000	0.000000	24.837001
	1975.000000	0.000000	27.158366
	1980.000000	0.000000	26.808122
	1985.000000	1.000000	24.205068
	1990.000000	1.000000	24.464313
	1995.000000	1.000000	25.794226
	2000.000000	0.000000	29.553034
	2005.000000	0.000000	34.775754
	2010.000000	1.000000	35.134429
	2015.000000	0.000000	34.843465
	2020.000000	1.000000	33.992936
	2025.000000	0.000000	35.441428
	2030.000000	0.000000	34.359965
	2035.000000	0.000000	35.043939
	2040.000000	1.000000	32.410687
	2045.000000	1.000000	30.116023
	2050.000000	1.000000	29.200333
	2055.000000	0.000000	34.593149
	2060.000000	0.000000	40.366701
	2065.000000	0.000000	41.383944
	2070.000000	1.000000	37.267783
	2075.000000	1.000000	34.293227
	2080.000000	0.000000	33.510772
	2085.000000	0.000000	38.160153
	2090.000000	0.000000	38.965269
	2095.000000	0.000000	36.908757
	2100.000000	0.000000	31.259532
	2105.000000	0.000000	27.875526
	2110.000000	1.000000	26.083023
	2115.000000	0.000000	23.392355
	2120.000000	1.000000	23.952671
	2125.000000	0.000000	23.641787
	2130.000000	1.000000	26.183659
	2135.000000	0.000000	29.839604
	2140.000000	0.000000	30.810015
	2145.000000	1.000000	30.545200
	2150.000000	1.000000	29.031969
	2155.000000	1.000000	30.266627
	2160.000000	1.000000	35.978019
	2165.000000	0.000000	39.593072
	2170.000000	1.000000	45.112095
	2175.000000	1.000000	45.055125
	2180.000000	1.000000	47.927528
	2185.000000	0.000000	49.843435
	2190.000000	0.000000	52.284910
	2195.000000	0.000000	50.633967
	2200.000000	0.000000	47.561258
	2205.000000	0.000000	42.367190
	2210.000000	1.000000	36.916776
	2215.000000	0.000000	32.083455
	2220.000000	1.000000	33.061839
	2225.000000	0.000000	32.065433
	2230.000000	1.000000	33.538843
	2235.000000	1.000000	35.725087
	2240.000000	1.000000	36.779596
	2245.000000	1.000000	40.767234
	2250.000000	1.000000	44.599862
	2255.000000	1.000000	48.148568
	2260.000000	1.000000	54.596455
	2265.000000	1.000000	57.461925
	2270.000000	0.000000	59.819281
	2275.000000	0.000000	64.267887
	2280.000000	0.000000	59.458067
	2285.000000	0.000000	54.531956
	2290.000000	1.000000	48.518208
	2295.000000	1.000000	42.520870
	2300.000000	0.000000	40.697064
	2305.000000	0.000000	45.162018
	2310.000000	1.000000	46.166253
	2315.000000	1.000000	40.949990
	2320.000000	0.000000	43.287821
	2325.000000	1.000000	44.177569
	2330.000000	0.000000	44.672778
	2335.000000	0.000000	44.926186
	2340.000000	0.000000	43.190362
	2345.000000	1.000000	40.728291
	2350.000000	0.000000	35.015990
	2355.000000	0.000000	38.790605
	2360.000000	1.000000	34.744021
	2365.000000	1.000000	32.405731
	2370.000000	1.000000	34.272634
	2375.000000	1.000000	36.830189
	2380.000000	0.000000	42.927487
	2385.000000	1.000000	46.146952
	2390.000000	0.000000	46.667780
	2395.000000	0.000000	49.686016
	2400.000000	0.000000	43.828128
	2405.000000	0.000000	43.147336
	2410.000000	0.000000	38.046424
	2415.000000	0.000000	35.004666
	2420.000000	1.000000	29.171829
	2425.000000	0.000000	24.639376
	2430.000000	1.000000	25.296344
	2435.000000	0.000000	29.557664
	2440.000000	0.000000	28.460954
	2445.000000	0.000000	30.825272
	2450.000000	0.000000	27.697688
	2455.000000	1.000000	24.905964
	2460.000000	1.000000	23.749872
	2465.000000	1.000000	24.228960
	2470.000000	0.000000	28.690006
	2475.000000	0.000000	37.475938
	2480.000000	0.000000	36.578653
	2485.000000	1.000000	33.407678
	2490.000000	1.000000	30.119488
	2495.000000	1.000000	32.890346
	2500.000000	0.000000	35.767031
	2505.000000	0.000000	40.049604
	2510.000000	0.000000	41.683002
	2515.000000	0.000000	39.734734
	2520.000000	0.000000	35.372856
	2525.000000	0.000000	27.933135
	2530.000000	0.000000	26.156998
	2535.000000	0.000000	23.315282
	2540.000000	0.000000	19.234447
	2545.000000	1.000000	18.780762
	2550.000000	1.000000	15.865155
	2555.000000	0.000000	19.050191
	2560.000000	1.000000	25.777188
	2565.000000	1.000000	26.670029
	2570.000000	1.000000	30.645509
	2575.000000	0.000000	33.799333
	2580.000000	0.000000	38.262167
	2585.000000	0.000000	39.855975
	2590.000000	1.000000	37.896162
	2595.000000	0.000000	33.693963
	2600.000000	0.000000	34.066345
	2605.000000	0.000000	33.505914
	2610.000000	1.000000	29.717498
	2615.000000	0.000000	28.116645
	2620.000000	0.000000	27.438274
	2625.000000	1.000000	29.000445
	2630.000000	1.000000	27.401061
	2635.000000	1.000000	28.186135
	2640.000000	0.000000	33.191618
	2645.000000	0.000000	38.214575
	2650.000000	1.000000	37.500045
	2655.000000	0.000000	36.288147
	2660.000000	0.000000	35.961464
	2665.000000	0.000000	36.611066
	2670.000000	1.000000	32.822634
	2675.000000	0.000000	31.727290
	2680.000000	1.000000	29.720667
	2685.000000	1.000000	30.750651
	2690.000000	0.000000	33.179123
	2695.000000	0.000000	36.064550
	2700.000000	0.000000	38.132006
	2705.000000	0.000000	34.947361
	2710.000000	0.000000	32.846872
	2715.000000	0.000000	27.244228
	2720.000000	0.000000	22.524788
	2725.000000	1.000000	20.274734
	2730.000000	0.000000	19.019827
	2735.000000	0.000000	21.523065
	2740.000000	1.000000	22.635286
	2745.000000	0.000000	21.228045
	2750.000000	1.000000	22.522846
	2755.000000	0.000000	23.408166
	2760.000000	1.000000	29.098807
	2765.000000	0.000000	26.845331
	2770.000000	0.000000	29.603014
	2775.000000	1.000000	29.774270
	2780.000000	0.000000	28.455980
	2785.000000	0.000000	29.194204
	2790.000000	1.000000	29.717712
	2795.000000	0.000000	27.478601
	2800.000000	1.000000	29.113255
	2805.000000	1.000000	31.907688
	2810.000000	0.000000	31.404459
	2815.000000	1.000000	36.142390
	2820.000000	1.000000	37.380356
	2825.000000	1.000000	39.134479
	2830.000000	0.000000	43.595592
	2835.000000	1.000000	46.331982
	2840.000000	0.000000	45.324965
	2845.000000	0.000000	48.391031
	2850.000000	1.000000	46.392091
	2855.000000	0.000000	42.426494
	2860.000000	0.000000	41.737061
	2865.000000	0.000000	41.634965
	2870.000000	0.000000	36.021374
	2875.000000	0.000000	31.814167
	2880.000000	0.000000	29.410560
	2885.000000	0.000000	26.390656
	2890.000000	1.000000	23.246990
	2895.000000	0.000000	20.377402
	2900.000000	1.000000	22.231140
	2905.000000	0.000000	23.047273
	2910.000000	0.000000	28.052751
	2915.000000	1.000000	26.815432
	2920.000000	0.000000	25.217185
	2925.000000	1.000000	26.222427
	2930.000000	1.000000	29.964975
	2935.000000	1.000000	31.416401
	2940.000000	0.000000	36.473051
	2945.000000	1.000000	40.817222
	2950.000000	0.000000	42.167361
	2955.000000	0.000000	42.179080
	2960.000000	1.000000	43.357063
	2965.000000	1.000000	36.993715
	2970.000000	1.000000	37.124888
	2975.000000	0.000000	41.551022
	2980.000000	0.000000	45.138333
	2985.000000	0.000000	47.663678
	2990.000000	0.000000	39.972801
	2995.000000	1.000000	38.753540
	3000.000000	0.000000	32.563402
	3005.000000	1.000000	35.045824
	3010.000000	0.000000	33.840264
	3015.000000	0.000000	36.024678
	3020.000000	1.000000	35.918927
	3025.000000	0.000000	32.647237
	3030.000000	0.000000	32.050530
	3035.000000	1.000000	34.074240
	3040.000000	1.000000	30.461029
	3045.000000	0.000000	31.609242
	3050.000000	1.000000	35.735478
	3055.000000	0.000000	38.052685
	3060.000000	1.000000	38.223076
	3065.000000	1.000000	37.705031
	3070.000000	0.000000	38.683326
	3075.000000	1.000000	41.647939
	3080.000000	0.000000	43.204067
	3085.000000	1.000000	44.121104
	3090.000000	0.000000	43.322241
	3095.000000	0.000000	46.071835
	3100.000000	1.000000	43.614129
	3105.000000	0.000000	39.314390
	3110.000000	0.000000	37.904074
	3115.000000	0.000000	37.576369
	3120.000000	1.000000	34.762761
	3125.000000	1.000000	32.570096
	3130.000000	1.000000	31.706738
	3135.000000	0.000000	34.286504
	3140.000000	1.000000	40.658549
	3145.000000	0.000000	43.671814
	3150.000000	0.000000	43.945452
	3155.000000	1.000000	41.113843
	3160.000000	0.000000	38.073412
	3165.000000	0.000000	39.693915
	3170.000000	1.000000	37.385043
	3175.000000	0.000000	34.889474
	3180.000000	0.000000	34.340719
	3185.000000	0.000000	34.888556
	3190.000000	0.000000	31.203090
	3195.000000	1.000000	30.021806
	3200.000000	1.000000	24.865573
	3205.000000	1.000000	25.298013
	3210.000000	1.000000	32.810026
	3215.000000	0.000000	37.998616
	3220.000000	1.000000	41.539723
	3225.000000	1.000000	43.963443
	3230.000000	1.000000	44.181811
	3235.000000	1.000000	47.181675
	3240.000000	1.000000	52.544705
	3245.000000	0.000000	55.565764
	3250.000000	0.000000	60.056839
	3255.000000	0.000000	58.869457
	3260.000000	1.000000	52.564372
	3265.000000	1.000000	45.017325
	3270.000000	0.000000	45.288194
	3275.000000	1.000000	49.988157
	3280.000000	0.000000	47.576560
	3285.000000	1.000000	48.177939
	3290.000000	0.000000	47.021752
	3295.000000	0.000000	44.248219
	3300.000000	1.000000	46.649396
	3305.000000	1.000000	41.119383
	3310.000000	1.000000	40.176138
	3315.000000	0.000000	45.620557
	3320.000000	1.000000	48.425224
	3325.000000	1.000000	49.912554
	3330.000000	1.000000	49.698329
	3335.000000	1.000000	53.532029
	3340.000000	0.000000	54.815639
	3345.000000	1.000000	58.837545
	3350.000000	1.000000	56.986096
	3355.000000	1.000000	56.387445
	3360.000000	1.000000	57.673269
	3365.000000	1.000000	60.782579
	3370.000000	1.000000	64.883526
	3375.000000	0.000000	65.679695
	3380.000000	0.000000	66.736916
	3385.000000	1.000000	66.062125
	3390.000000	1.000000	59.311415
	3395.000000	0.000000	57.920119
	3400.000000	0.000000	59.233120
	3405.000000	0.000000	55.879843
	3410.000000	0.000000	51.632170
	3415.000000	0.000000	46.583988
	3420.000000	0.000000	40.284937
	3425.000000	0.000000	34.529501
	3430.000000	1.000000	31.325100
	3435.000000	1.000000	25.677036
	3440.000000	0.000000	28.899115
	3445.000000	1.000000	34.249909
	3450.000000	0.000000	34.283753
	3455.000000	1.000000	37.267155
	3460.000000	0.000000	34.869706
	3465.000000	0.000000	39.403486
	3470.000000	0.000000	35.717322
	3475.000000	1.000000	34.372342
	3480.000000	1.000000	30.421874
	3485.000000	0.000000	33.078816
	3490.000000	1.000000	37.301695
	3495.000000	1.000000	36.015174
	3500.000000	0.000000	37.566526
	3505.000000	1.000000	41.370034
	3510.000000	1.000000	43.829805
	3515.000000	1.000000	44.376664
	3520.000000	1.000000	47.932210
	3525.000000	0.000000	51.834819
	3530.000000	1.000000	54.546603
	3535.000000	1.000000	52.518126
	3540.000000	1.000000	55.532542
	3545.000000	0.000000	54.208281
	3550.000000	1.000000	57.938603
	3555.000000	1.000000	57.658422
	3560.000000	0.000000	56.481260
	3565.000000	0.000000	57.607371
	3570.000000	1.000000	55.391951
	3575.000000	0.000000	50.285882
	3580.000000	0.000000	49.492570
	3585.000000	1.000000	49.092773
	3590.000000	0.000000	45.022779
	3595.000000	0.000000	44.145023
	3600.000000	1.000000	42.604842
	3605.000000	0.000000	39.665492
	3610.000000	0.000000	37.221521
	3615.000000	1.000000	37.915305
	3620.000000	1.000000	34.947049
	3625.000000	1.000000	38.253098
	3630.000000	1.000000	41.936486
	3635.000000	1.000000	43.249436
	3640.000000	1.000000	49.553203
	3645.000000	1.000000	52.682698
	3650.000000	0.000000	55.776397
	3655.000000	0.000000	60.081208
	3660.000000	0.000000	59.537561
	3665.000000	1.000000	52.582497
	3670.000000	0.000000	48.586966
	3675.000000	1.000000	44.787828
	3680.000000	0.000000	43.577841
	3685.000000	0.000000	45.150035
	3690.000000	1.000000	45.180606
	3695.000000	0.000000	38.619157
	3700.000000	1.000000	40.815107
	3705.000000	0.000000	39.031703
	3710.000000	1.000000	39.311113
	3715.000000	0.000000	38.361625
	3720.000000	1.000000	38.943124
	3725.000000	0.000000	41.131439
	3730.000000	0.000000	40.506231
	3735.000000	0.000000	41.139797
	3740.000000	1.000000	34.142912
	3745.000000	0.000000	32.588754
	3750.000000	0.000000	33.608355
	3755.000000	0.000000	32.434099
	3760.000000	1.000000	30.670813
	3765.000000	0.000000	25.244701
	3770.000000	1.000000	29.847752
	3775.000000	0.000000	28.597909
	3780.000000	1.000000	28.806550
	3785.000000	1.000000	30.839668
	3790.000000	0.000000	32.309869
	3795.000000	0.000000	38.258752
	3800.000000	0.000000	38.236241
	3805.000000	1.000000	37.282012
	3810.000000	1.000000	31.168441
	3815.000000	1.000000	31.521619
	3820.000000	1.000000	37.200778
	3825.000000	1.000000	41.533116
	3830.000000	0.000000	47.254967
	3835.000000	1.000000	50.790539
	3840.000000	0.000000	50.096656
	3845.000000	0.000000	50.140749
	3850.000000	1.000000	48.021781
	3855.000000	1.000000	42.104522
	3860.000000	1.000000	42.773124
	3865.000000	1.000000	46.713595
	3870.000000	1.000000	51.984789
	3875.000000	0.000000	53.530937
	3880.000000	0.000000	55.929032
	3885.000000	1.000000	55.096410
	3890.000000	0.000000	51.886744
	3895.000000	0.000000	50.337783
	3900.000000	1.000000	47.428333
	3905.000000	1.000000	43.680912
	3910.000000	0.000000	44.244387
	3915.000000	0.000000	48.275659
	3920.000000	1.000000	46.399692
	3925.000000	0.000000	43.939616
	3930.000000	1.000000	40.297825
	3935.000000	0.000000	39.744057
	3940.000000	1.000000	41.248803
	3945.000000	1.000000	41.128602
	3950.000000	0.000000	41.522761
	3955.000000	0.000000	44.924893
	3960.000000	1.000000	44.641670
	3965.000000	0.000000	41.491726
	3970.000000	1.000000	41.833542
	3975.000000	1.000000	41.703676
	3980.000000	1.000000	43.504444
	3985.000000	1.000000	47.343476
	3990.000000	1.000000	49.117716
	3995.000000	0.000000	53.851992
	4000.000000	1.000000	56.955090
	4005.000000	1.000000	56.088806
	4010.000000	1.000000	57.225286
	4015.000000	0.000000	56.744660
	4020.000000	0.000000	59.623310
	4025.000000	1.000000	58.144217
	4030.000000	1.000000	53.743605
	4035.000000	0.000000	51.368288
	4040.000000	1.000000	53.368506
	4045.000000	0.000000	51.387380
	4050.000000	1.000000	51.119173
	4055.000000	1.000000	49.944401
	4060.000000	0.000000	50.370301
	4065.000000	0.000000	53.464895
	4070.000000	0.000000	50.476786
	4075.000000	1.000000	48.895677
	4080.000000	0.000000	41.173426
	4085.000000	0.000000	40.490388
	4090.000000	1.000000	40.307615
	4095.000000	1.000000	36.725588
	4100.000000	0.000000	36.468324
	4105.000000	1.000000	38.402968
	4110.000000	1.000000	41.901820
	4115.000000	1.000000	41.432230
	4120.000000	0.000000	45.157935
	4125.000000	0.000000	50.119286
	4130.000000	1.000000	48.997678
	4135.000000	0.000000	44.162620
	4140.000000	0.000000	44.223342
	4145.000000	0.000000	42.461911
	4150.000000	0.000000	38.214466
	4155.000000	1.000000	35.659201
	4160.000000	1.000000	31.141208
	4165.000000	1.000000	32.468577
	4170.000000	0.000000	34.175954
	4175.000000	0.000000	41.257515
	4180.000000	1.000000	43.209610
	4185.000000	1.000000	38.170010
	4190.000000	1.000000	37.786684
	4195.000000	1.000000	40.966125
	4200.000000	0.000000	45.449142
	4205.000000	0.000000	49.334842
	4210.000000	1.000000	49.856843
	4215.000000	0.000000	46.517360
	4220.000000	1.000000	44.505237
	4225.000000	0.000000	44.399961
	4230.000000	0.000000	45.028975
	4235.000000	1.000000	42.296865
	4240.000000	0.000000	39.847076
	4245.000000	1.000000	40.679258
	4250.000000	1.000000	38.566677
	4255.000000	0.000000	39.931824
	4260.000000	0.000000	44.288478
	4265.000000	1.000000	44.271282
	4270.000000	0.000000	40.782170
	4275.000000	0.000000	40.122781
	4280.000000	1.000000	41.302997
	4285.000000	0.000000	35.731089
	4290.000000	1.000000	37.436803
	4295.000000	1.000000	35.831460
	4300.000000	0.000000	36.858174
	4305.000000	0.000000	40.079459
	4310.000000	1.000000	41.738120
	4315.000000	1.000000	39.334997
	4320.000000	0.000000	36.507191
	4325.000000	1.000000	43.294345
	4330.000000	0.000000	42.797538
	4335.000000	1.000000	41.931771
	4340.000000	1.000000	42.124615
	4345.000000	1.000000	42.305706
	4350.000000	0.000000	46.469334
	4355.000000	0.000000	50.061222
	4360.000000	1.000000	50.684218
	4365.000000	0.000000	46.129326
	4370.000000	0.000000	45.087235
	4375.000000	0.000000	43.775630
	4380.000000	1.000000	39.528332
	4385.000000	1.000000	35.542466
	4390.000000	1.000000	35.885308
	4395.000000	1.000000	38.947935
	4400.000000	0.000000	43.090953
	4405.000000	0.000000	48.575655
	4410.000000	0.000000	48.749615
	4415.000000	1.000000	44.610291
	4420.000000	0.000000	38.368718
	4425.000000	1.000000	39.757445
	4430.000000	0.000000	38.526717
	4435.000000	1.000000	37.464335
	4440.000000	1.000000	39.794841
	4445.000000	0.000000	39.910924
	4450.000000	1.000000	44.151393
	4455.000000	0.000000	43.129037
	4460.000000	1.000000	43.910796
	4465.000000	1.000000	44.628115
	4470.000000	1.000000	44.898197
	4475.000000	1.000000	47.491427
	4480.000000	0.000000	50.414873
	4485.000000	0.000000	53.599142
	4490.000000	0.000000	53.160147
	4495.000000	0.000000	50.942016
	4500.000000	0.000000	43.149495
	4505.000000	0.000000	38.370967
	4510.000000	1.000000	34.712809
	4515.000000	1.000000	29.563752
	4520.000000	1.000000	31.151956
	4525.000000	1.000000	35.157836
	4530.000000	1.000000	39.768230
	4535.000000	0.000000	43.838931
	4540.000000	0.000000	50.431641
	4545.000000	0.000000	49.754537
	4550.000000	1.000000	43.683223
	4555.000000	1.000000	40.932680
	4560.000000	1.000000	38.891513
	4565.000000	1.000000	42.787598
	4570.000000	0.000000	47.705449
	4575.000000	1.000000	51.566716
	4580.000000	0.000000	51.693019
	4585.000000	0.000000	49.697112
	4590.000000	0.000000	48.010186
	4595.000000	1.000000	42.922274
	4600.000000	0.000000	37.970966
	4605.000000	0.000000	38.532705
	4610.000000	1.000000	39.298156
	4615.000000	0.000000	35.956782
	4620.000000	1.000000	35.662136
	4625.000000	1.000000	35.216322
	4630.000000	0.000000	36.027171
	4635.000000	1.000000	40.522668
	4640.000000	0.000000	40.246301
	4645.000000	1.000000	40.373011
	4650.000000	0.000000	41.605203
	4655.000000	1.000000	41.541598
	4660.000000	0.000000	40.362737
	4665.000000	0.000000	41.113712
	4670.000000	0.000000	39.855307
	4675.000000	0.000000	37.680247
	4680.000000	1.000000	34.190566
	4685.000000	0.000000	29.656463
	4690.000000	0.000000	28.624089
	4695.000000	1.000000	33.050551
	4700.000000	0.000000	28.660435
	4705.000000	0.000000	29.499633
	4710.000000	1.000000	29.384876
	4715.000000	0.000000	28.741168
	4720.000000	0.000000	30.467425
	4725.000000	0.000000	30.176000
	4730.000000	1.000000	27.796260
	4735.000000	1.000000	25.059776
	4740.000000	1.000000	26.436358
	4745.000000	1.000000	30.702750
	4750.000000	1.000000	36.233465
	4755.000000	0.000000	42.188485
	4760.000000	0.000000	48.173787
	4765.000000	1.000000	44.996000
	4770.000000	0.000000	43.396327
	4775.000000	1.000000	43.060860
	4780.000000	1.000000	43.463630
	4785.000000	1.000000	43.717289
	4790.000000	0.000000	47.782768
	4795.000000	0.000000	50.358686
	4800.000000	1.000000	50.743074
	4805.000000	1.000000	45.200656
	4810.000000	1.000000	43.725156
	4815.000000	1.000000	48.016188
	4820.000000	1.000000	50.503180
	4825.000000	1.000000	53.014791
	4830.000000	1.000000	59.371434
	4835.000000	0.000000	61.707666
	4840.000000	1.000000	61.467063
	4845.000000	0.000000	60.779152
	4850.000000	1.000000	60.791385
	4855.000000	0.000000	56.854238
	4860.000000	1.000000	57.321563
	4865.000000	0.000000	53.053015
	4870.000000	1.000000	52.531210
	4875.000000	1.000000	52.127598
	4880.000000	1.000000	49.736944
	4885.000000	1.000000	52.835596
	4890.000000	0.000000	54.693391
	4895.000000	0.000000	60.995807
	4900.000000	0.000000	58.691932
	4905.000000	1.000000	54.432157
	4910.000000	0.000000	46.785985
	4915.000000	0.000000	45.426643
	4920.000000	1.000000	44.811642
	4925.000000	1.000000	41.983486
	4930.000000	1.000000	38.946658
	4935.000000	0.000000	44.277898
	4940.000000	1.000000	45.090281
	4945.000000	1.000000	47.966940
	4950.000000	0.000000	46.106366
	4955.000000	0.000000	51.733377
	4960.000000	0.000000	51.590247
	4965.000000	1.000000	46.108159
	4970.000000	1.000000	40.095064
	4975.000000	1.000000	40.998514
	4980.000000	0.000000	45.153848
	4985.000000	0.000000	48.874114
	4990.000000	0.000000	49.347451
	4995.000000	1.000000	41.495541
	5000.000000	0.000000	39.927429
	5005.000000	0.000000	37.679641
	5010.000000	0.000000	38.138278
	5015.000000	0.000000	35.110663
	5020.000000	0.000000	30.452815
	5025.000000	0.000000	28.521362
	5030.000000	1.000000	24.241179
	5035.000000	1.000000	22.698175
	5040.000000	1.000000	23.937717
	5045.000000	1.000000	27.729966
	5050.000000	0.000000	34.731373
	5055.000000	0.000000	40.996716
	5060.000000	0.000000	40.052190
	5065.000000	0.000000	37.602595
	5070.000000	1.000000	34.590731
	5075.000000	1.000000	28.948262
	5080.000000	0.000000	30.675857
	5085.000000	1.000000	36.906297
	5090.000000	1.000000	37.290325
	5095.000000	1.000000	38.263970
	5100.000000	0.000000	41.633403
	5105.000000	1.000000	46.925627
	5110.000000	0.000000	46.967986
	5115.000000	1.000000	48.304375
	5120.000000	0.000000	47.141238
	5125.000000	0.000000	44.570967
	5130.000000	0.000000	44.135916
	5135.000000	0.000000	40.697993
	5140.000000	0.000000	36.673640
	5145.000000	1.000000	33.368750
	5150.000000	1.000000	27.029642
	5155.000000	1.000000	29.756625
	5160.000000	0.000000	34.918808
	5165.000000	0.000000	37.945310
	5170.000000	0.000000	39.658948
	5175.000000	1.000000	38.703697
	5180.000000	0.000000	33.344922
	5185.000000	1.000000	32.834730
	5190.000000	0.000000	33.010060
	5195.000000	0.000000	35.133732
	5200.000000	0.000000	34.289028
	5205.000000	0.000000	32.100140
	5210.000000	1.000000	29.723221
	5215.000000	0.000000	25.931244
	5220.000000	1.000000	26.255142
	5225.000000	0.000000	28.655357
	5230.000000	0.000000	27.983414
	5235.000000	0.000000	30.768436
	5240.000000	1.000000	26.714943
	5245.000000	0.000000	25.565335
	5250.000000	1.000000	25.585329
	5255.000000	1.000000	28.147255
	5260.000000	0.000000	28.611603
	5265.000000	0.000000	35.913013
	5270.000000	1.000000	33.874414
	5275.000000	0.000000	33.000809
	5280.000000	0.000000	32.968784
	5285.000000	0.000000	33.682196
	5290.000000	0.000000	31.639208
	5295.000000	1.000000	28.244408
	5300.000000	1.000000	23.621462
	5305.000000	0.000000	25.658445
	5310.000000	0.000000	30.651216
	5315.000000	0.000000	33.962118
	5320.000000	1.000000	30.677223
	5325.000000	1.000000	27.927629
	5330.000000	1.000000	28.359708
	5335.000000	0.000000	32.520923
	5340.000000	0.000000	37.814690
	5345.000000	1.000000	38.139877
	5350.000000	1.000000	37.949175
	5355.000000	0.000000	36.794128
	5360.000000	0.000000	40.739457
	5365.000000	0.000000	39.894077
	5370.000000	0.000000	38.341121
	5375.000000	1.000000	33.738420
	5380.000000	0.000000	30.031886
	5385.000000	0.000000	30.291918
	5390.000000	1.000000	31.076537
	5395.000000	1.000000	29.640676
	5400.000000	0.000000	31.252978
	5405.000000	0.000000	32.838494
	5410.000000	0.000000	35.212338
	5415.000000	0.000000	32.441915
	5420.000000	0.000000	29.109226
	5425.000000	0.000000	25.525673
	5430.000000	1.000000	22.409746
	5435.000000	1.000000	22.093066
	5440.000000	1.000000	21.775172
	5445.000000	0.000000	26.215444
	5450.000000	1.000000	33.390187
	5455.000000	0.000000	35.968017
	5460.000000	0.000000	38.886363
	5465.000000	0.000000	37.189419
	5470.000000	1.000000	31.740894
	5475.000000	0.000000	29.115249
	5480.000000	1.000000	31.264747
	5485.000000	0.000000	31.442490
	5490.000000	0.000000	32.783525
	5495.000000	1.000000	32.878038
	5500.000000	1.000000	30.971894
	5505.000000	0.000000	33.578228
	5510.000000	0.000000	34.578025
	5515.000000	1.000000	34.854255
	5520.000000	0.000000	34.570300
	5525.000000	1.000000	35.171107
	5530.000000	1.000000	33.460461
	5535.000000	1.000000	36.407781
	5540.000000	1.000000	40.566822
	5545.000000	0.000000	44.843575
	5550.000000	0.000000	47.907761
	5555.000000	1.000000	48.806719
	5560.000000	1.000000	45.267981
	5565.000000	1.000000	44.433134
	5570.000000	0.000000	46.642957
	5575.000000	1.000000	50.901728
	5580.000000	1.000000	49.474633
	5585.000000	0.000000	51.333288
	5590.000000	0.000000	52.110093
	5595.000000	1.000000	51.725786
	5600.000000	1.000000	47.689986
	5605.000000	1.000000	46.560711
	5610.000000	1.000000	50.391804
	5615.000000	0.000000	53.135207
	5620.000000	0.000000	56.294637
	5625.000000	1.000000	53.623974
	5630.000000	1.000000	50.786558
	5635.000000	1.000000	50.228180
	5640.000000	0.000000	49.977205
	5645.000000	0.000000	56.385130
	5650.000000	1.000000	52.555894
	5655.000000	0.000000	48.932168
	5660.000000	0.000000	48.385001
	5665.000000	1.000000	46.481817
	5670.000000	1.000000	42.559171
	5675.000000	0.000000	41.296576
	5680.000000	1.000000	46.667525
	5685.000000	1.000000	44.339852
	5690.000000	0.000000	45.770431
	5695.000000	1.000000	50.032955
	5700.000000	0.000000	47.244426
	5705.000000	1.000000	49.135967
	5710.000000	0.000000	45.698173
	5715.000000	0.000000	46.969079
	5720.000000	1.000000	47.448513
	5725.000000	1.000000	42.562018
	5730.000000	0.000000	42.932737
	5735.000000	0.000000	46.238912
	5740.000000	1.000000	43.666616
	5745.000000	1.000000	39.896659
	5750.000000	1.000000	40.208126
	5755.000000	1.000000	43.027780
	5760.000000	1.000000	48.209104
	5765.000000	1.000000	51.239729
	5770.000000	0.000000	56.624829
	5775.000000	1.000000	57.390785
	5780.000000	1.000000	56.522728
	5785.000000	0.000000	56.947446
	5790.000000	1.000000	58.555618
	5795.000000	0.000000	56.455616
	5800.000000	0.000000	56.020104
	5805.000000	1.000000	53.271360
	5810.000000	0.000000	48.677587
	5815.000000	0.000000	46.426703
	5820.000000	1.000000	46.396763
	5825.000000	0.000000	42.083920
	5830.000000	1.000000	42.251354
	5835.000000	0.000000	40.482958
	5840.000000	0.000000	39.535406
	5845.000000	1.000000	42.780960
	5850.000000	1.000000	33.822040
	5855.000000	1.000000	38.301799
	5860.000000	0.000000	42.138705
	5865.000000	0.000000	44.836661
	5870.000000	0.000000	45.403367
	5875.000000	1.000000	41.180248
	5880.000000	1.000000	37.704749
	5885.000000	0.000000	36.649370
	5890.000000	1.000000	41.765476
	5895.000000	0.000000	41.221798
	5900.000000	0.000000	44.403891
	5905.000000	0.000000	40.615103
	5910.000000	0.000000	38.199619
	5915.000000	1.000000	35.410451
	5920.000000	1.000000	30.079652
	5925.000000	1.000000	31.096674
	5930.000000	1.000000	34.332980
	5935.000000	1.000000	38.896728
	5940.000000	0.000000	46.641800
	5945.000000	1.000000	48.490574
	5950.000000	1.000000	50.153662
	5955.000000	1.000000	51.264742
	5960.000000	1.000000	51.975454
	5965.000000	1.000000	57.042782
	5970.000000	1.000000	57.720686
	5975.000000	1.000000	60.143218
	5980.000000	0.000000	63.232312
	5985.000000	1.000000	66.746011
	5990.000000	1.000000	61.767295
	5995.000000	0.000000	63.674738
	6000.000000	0.000000	64.784390
	6005.000000	1.000000	62.949102
	6010.000000	0.000000	55.164832
	6015.000000	1.000000	55.074638
	6020.000000	0.000000	53.058669
	6025.000000	0.000000	50.132921
	6030.000000	0.000000	49.504703
	6035.000000	1.000000	45.663445
	6040.000000	0.000000	39.042456
	6045.000000	1.000000	38.699830
	6050.000000	0.000000	38.204411
	6055.000000	0.000000	39.865754
	6060.000000	0.000000	39.040352
	6065.000000	1.000000	35.388332
	6070.000000	0.000000	32.120357
	6075.000000	0.000000	32.866564
	6080.000000	1.000000	30.645314
	6085.000000	0.000000	28.789847
	6090.000000	0.000000	30.633124
	6095.000000	1.000000	30.505799
	6100.000000	0.000000	29.838494
	6105.000000	1.000000	31.124083
	6110.000000	0.000000	29.585804
	6115.000000	1.000000	32.290614
	6120.000000	1.000000	31.064121
	6125.000000	1.000000	33.783118
	6130.000000	1.000000	38.004613
	6135.000000	0.000000	43.675652
	6140.000000	0.000000	49.156867
	6145.000000	1.000000	46.103718
	6150.000000	1.000000	44.357616
	6155.000000	0.000000	44.776110
	6160.000000	0.000000	46.168938
	6165.000000	1.000000	47.602685
	6170.000000	1.000000	42.648638
	6175.000000	0.000000	42.884128
	6180.000000	0.000000	46.290831
	6185.000000	0.000000	44.874144
	6190.000000	1.000000	42.043348
	6195.000000	0.000000	36.149771
	6200.000000	1.000000	36.728625
	6205.000000	0.000000	36.305218
	6210.000000	1.000000	39.249847
	6215.000000	1.000000	37.561843
	6220.000000	1.000000	38.401920
	6225.000000	1.000000	41.065852
	6230.000000	0.000000	46.543307
	6235.000000	1.000000	50.975965
	6240.000000	1.000000	50.387702
	6245.000000	1.000000	50.151572
	6250.000000	0.000000	53.238248
	6255.000000	0.000000	57.165679
	6260.000000	1.000000	53.599120
	6265.000000	0.000000	49.894364
	6270.000000	0.000000	47.720057
	6275.000000	1.000000	46.737870
	6280.000000	0.000000	43.878333
	6285.000000	1.000000	42.150229
	6290.000000	1.000000	42.234744
	6295.000000	1.000000	42.194722
	6300.000000	0.000000	47.015959
	6305.000000	1.000000	50.379590
	6310.000000	1.000000	49.478070
	6315.000000	0.000000	48.111080
	6320.000000	1.000000	53.222680
	6325.000000	1.000000	51.141459
	6330.000000	1.000000	48.911325
	6335.000000	0.000000	54.552497
	6340.000000	1.000000	55.892720
	6345.000000	0.000000	54.513041
	6350.000000	1.000000	54.047635
	6355.000000	1.000000	52.979870
	6360.000000	0.000000	51.856056
	6365.000000	0.000000	53.033117
	6370.000000	0.000000	53.476118
	6375.000000	0.000000	48.831445
	6380.000000	1.000000	42.588954
	6385.000000	0.000000	36.374105
	6390.000000	1.000000	39.410442
	6395.000000	1.000000	37.898183
	6400.000000	0.000000	37.431671
	6405.000000	0.000000	43.520404
	6410.000000	0.000000	44.229863
	6415.000000	0.000000	38.558555
	6420.000000	1.000000	35.456557
	6425.000000	0.000000	31.626929
	6430.000000	0.000000	31.124850
	6435.000000	1.000000	33.438756
	6440.000000	0.000000	31.639132
	6445.000000	0.000000	29.369788
	6450.000000	0.000000	29.774155
	6455.000000	0.000000	26.304697
	6460.000000	0.000000	24.152741
	6465.000000	0.000000	22.731984
	6470.000000	1.000000	21.192257
	6475.000000	1.000000	17.876035
	6480.000000	0.000000	21.251254
	6485.000000	1.000000	25.451610
	6490.000000	0.000000	28.350254
	6495.000000	0.000000	29.768884
	6500.000000	0.000000	32.346847
	6505.000000	0.000000	26.500650
	6510.000000	0.000000	25.115891
	6515.000000	1.000000	20.192975
	6520.000000	1.000000	20.682213
	6525.000000	1.000000	22.153617
	6530.000000	1.000000	26.339548
	6535.000000	0.000000	33.506420
	6540.000000	0.000000	38.751604
	6545.000000	1.000000	37.528656
	6550.000000	0.000000	35.822951
	6555.000000	1.000000	37.119590
	6560.000000	1.000000	38.519093
	6565.000000	0.000000	38.717004
	6570.000000	1.000000	40.798354
	6575.000000	0.000000	41.861513
	6580.000000	1.000000	42.491114
	6585.000000	1.000000	43.065318
	6590.000000	1.000000	43.032054
	6595.000000	0.000000	46.684096
	6600.000000	0.000000	49.515995
	6605.000000	0.000000	49.239339
	6610.000000	0.000000	45.081999
	6615.000000	0.000000	40.179495
	6620.000000	0.000000	34.757612
	6625.000000	1.000000	32.330766
	6630.000000	1.000000	26.853015
	6635.000000	0.000000	26.998500
	6640.000000	1.000000	32.327524
	6645.000000	1.000000	36.186115
	6650.000000	0.000000	39.107248
	6655.000000	0.000000	40.482162
	6660.000000	0.000000	43.442667
	6665.000000	0.000000	37.645281
	6670.000000	1.000000	33.145036
	6675.000000	0.000000	29.681097
	6680.000000	1.000000	30.764376
	6685.000000	0.000000	30.977539
	6690.000000	0.000000	34.221599
	6695.000000	0.000000	32.410091
	6700.000000	0.000000	30.646948
	6705.000000	0.000000	28.363738
	6710.000000	1.000000	24.380297
	6715.000000	1.000000	21.957217
	6720.000000	0.000000	23.331260
	6725.000000	0.000000	28.440279
	6730.000000	0.000000	31.008175
	6735.000000	0.000000	28.876624
	6740.000000	1.000000	26.646307
	6745.000000	0.000000	22.648804
	6750.000000	0.000000	22.518350
	6755.000000	0.000000	25.028524
	6760.000000	1.000000	23.932709
	6765.000000	0.000000	21.109574
	6770.000000	0.000000	23.342799
	6775.000000	0.000000	23.892160
	6780.000000	0.000000	21.600606
	6785.000000	1.000000	20.508731
	6790.000000	0.000000	17.896471
	6795.000000	0.000000	18.881487
	6800.000000	1.000000	22.779068
	6805.000000	1.000000	20.112977
	6810.000000	1.000000	21.649357
	6815.000000	1.000000	30.468100
	6820.000000	0.000000	34.020055
	6825.000000	0.000000	39.551976
	6830.000000	0.000000	40.816894
	6835.000000	0.000000	37.319389
	6840.000000	0.000000	34.102477
	6845.000000	0.000000	29.548583
	6850.000000	0.000000	26.441254
	6855.000000	1.000000	23.109650
	6860.000000	1.000000	19.224037
	6865.000000	1.000000	24.360851
	6870.000000	1.000000	27.178100
	6875.000000	0.000000	32.575886
	6880.000000	1.000000	40.174056
	6885.000000	0.000000	41.312133
	6890.000000	0.000000	41.629957
	6895.000000	1.000000	41.381911
	6900.000000	1.000000	38.514139
	6905.000000	0.000000	37.714246
	6910.000000	0.000000	41.361029
	6915.000000	1.000000	40.389054
	6920.000000	0.000000	38.671012
	6925.000000	0.000000	39.270681
	6930.000000	1.000000	37.450583
	6935.000000	1.000000	35.811023
	6940.000000	1.000000	35.373892
	6945.000000	0.000000	38.521767
	6950.000000	0.000000	46.226989
	6955.000000	0.000000	44.179714
	6960.000000	1.000000	41.588581
	6965.000000	0.000000	35.606449
	6970.000000	0.000000	36.869119
	6975.000000	1.000000	35.471207
	6980.000000	0.000000	34.081642
	6985.000000	0.000000	32.318583
	6990.000000	0.000000	34.373973
	6995.000000	1.000000	30.656905
	7000.000000	1.000000	28.613196
	7005.000000	0.000000	29.976808
	7010.000000	1.000000	34.486256
	7015.000000	1.000000	34.726043
	7020.000000	0.000000	36.010618
	7025.000000	0.000000	40.240017
	7030.000000	1.000000	40.784763
	7035.000000	1.000000	37.152618
	7040.000000	1.000000	38.940766
	7045.000000	0.000000	41.757133
	7050.000000	1.000000	43.873539
	7055.000000	0.000000	46.090333
	7060.000000	1.000000	45.532563
	7065.000000	1.000000	46.523164
	7070.000000	1.000000	45.220011
	7075.000000	1.000000	47.454781
	7080.000000	1.000000	51.699212
	7085.000000	0.000000	56.508439
	7090.000000	1.000000	58.252168
	7095.000000	0.000000	55.809387
	7100.000000	0.000000	58.769667
	7105.000000	0.000000	54.521538
	7110.000000	0.000000	49.500996
	7115.000000	1.000000	43.743074
	7120.000000	1.000000	39.527607
	7125.000000	1.000000	39.695825
	7130.000000	0.000000	41.336420
	7135.000000	1.000000	45.596524
	7140.000000	0.000000	44.291697
	7145.000000	1.000000	47.270808
	7150.000000	1.000000	45.490645
	7155.000000	1.000000	46.473737
	7160.000000	0.000000	48.895810
	7165.000000	1.000000	52.221489
	7170.000000	0.000000	53.289000
	7175.000000	1.000000	53.262696
	7180.000000	0.000000	49.546550
	7185.000000	0.000000	50.292577
	7190.000000	1.000000	48.795875
	7195.000000	0.000000	41.737660
	7200.000000	0.000000	44.757364
	7205.000000	1.000000	41.387061
	7210.000000	1.000000	37.755936
	7215.000000	1.000000	39.339404
	7220.000000	1.000000	42.625457
	7225.000000	0.000000	46.669498
	7230.000000	1.000000	49.327943
	7235.000000	1.000000	50.824220
	7240.000000	0.000000	50.894148
	7245.000000	0.000000	51.920911
	7250.000000	0.000000	51.363652
	7255.000000	0.000000	47.701101
	7260.000000	0.000000	42.076529
	7265.000000	0.000000	36.803064
	7270.000000	0.000000	32.025286
	7275.000000	0.000000	28.361201
	7280.000000	0.000000	28.006408
	7285.000000	0.000000	22.448071
	7290.000000	1.000000	19.460093
	7295.000000	0.000000	16.079853
	7300.000000	1.000000	21.044540
	7305.000000	1.000000	19.653688
	7310.000000	1.000000	21.557775
	7315.000000	1.000000	29.913896
	7320.000000	0.000000	34.993702
	7325.000000	1.000000	43.753616
	7330.000000	1.000000	42.095839
	7335.000000	0.000000	42.313233
	7340.000000	1.000000	46.782493
	7345.000000	0.000000	44.848821
	7350.000000	1.000000	46.539092
	7355.000000	0.000000	44.172783
	7360.000000	0.000000	46.433232
	7365.000000	0.000000	44.630777
	7370.000000	1.000000	40.464178
	7375.000000	0.000000	36.724853
	7380.000000	0.000000	37.459178
	7385.000000	1.000000	36.285440
	7390.000000	1.000000	34.006062
	7395.000000	0.000000	33.532632
	7400.000000	1.000000	37.021095
	7405.000000	0.000000	39.024019
	7410.000000	1.000000	40.186125
	7415.000000	0.000000	39.119430
	7420.000000	0.000000	40.750815
	7425.000000	1.000000	40.262307
	7430.000000	0.000000	37.209108
	7435.000000	1.000000	35.598583
	7440.000000	0.000000	38.665315
	7445.000000	1.000000	37.148081
	7450.000000	1.000000	37.396313
	7455.000000	1.000000	38.171110
	7460.000000	0.000000	43.298908
	7465.000000	0.000000	46.542045
	7470.000000	0.000000	46.439238
	7475.000000	1.000000	42.238222
	7480.000000	1.000000	38.818829
	7485.000000	0.000000	37.461578
	7490.000000	1.000000	42.254532
	7495.000000	1.000000	41.814843
	7500.000000	0.000000	41.236667
	7505.000000	0.000000	46.324450
	7510.000000	0.000000	46.428227
	7515.000000	1.000000	42.384170
	7520.000000	1.000000	38.773439
	7525.000000	0.000000	36.852447
	7530.000000	1.000000	40.847249
	7535.000000	0.000000	41.877421
	7540.000000	0.000000	42.485315
	7545.000000	1.000000	42.790853
	7550.000000	0.000000	36.744192
	7555.000000	1.000000	38.814041
	7560.000000	1.000000	38.347738
	7565.000000	1.000000	38.184410
	7570.000000	1.000000	42.297591
	7575.000000	0.000000	46.870528
	7580.000000	0.000000	52.929570
	7585.000000	0.000000	52.901442
	7590.000000	1.000000	45.446071
	7595.000000	1.000000	39.837868
	7600.000000	0.000000	40.418117
	7605.000000	1.000000	43.997906
	7610.000000	1.000000	43.793029
	7615.000000	1.000000	44.471371
	7620.000000	0.000000	47.678806
	7625.000000	0.000000	52.113740
	7630.000000	1.000000	52.676799
	7635.000000	1.000000	46.265636
	7640.000000	0.000000	45.054729
	7645.000000	0.000000	48.375754
	7650.000000	0.000000	47.609600
	7655.000000	1.000000	42.768606
	7660.000000	1.000000	39.256462
	7665.000000	0.000000	38.247559
	7670.000000	0.000000	42.007590
	7675.000000	1.000000	40.981767
	7680.000000	1.000000	39.066613
	7685.000000	1.000000	39.402070
	7690.000000	0.000000	43.298479
	7695.000000	1.000000	46.112534
	7700.000000	0.000000	46.749689
	7705.000000	0.000000	46.603598
	7710.000000	1.000000	46.922715
	7715.000000	1.000000	41.342359
	7720.000000	1.000000	40.910513
	7725.000000	1.000000	44.978039
	7730.000000	0.000000	50.333255
	7735.000000	0.000000	52.523656
	7740.000000	0.000000	49.326470
	7745.000000	1.000000	46.150504
	7750.000000	0.000000	42.191233
	7755.000000	0.000000	41.365148
	7760.000000	0.000000	40.406293
	7765.000000	1.000000	38.379986
	7770.000000	1.000000	33.877506
	7775.000000	0.000000	34.559956
	7780.000000	1.000000	37.560517
	7785.000000	1.000000	37.560282
	7790.000000	1.000000	39.176504
	7795.000000	0.000000	42.974457
	7800.000000	1.000000	49.538423
	7805.000000	1.000000	47.077449
	7810.000000	1.000000	48.795926
	7815.000000	0.000000	51.138483
	7820.000000	0.000000	54.309889
	7825.000000	0.000000	54.167421
	7830.000000	0.000000	48.599626
	7835.000000	1.000000	44.698480
	7840.000000	1.000000	36.302768
	7845.000000	0.000000	36.399055
	7850.000000	1.000000	40.813940
	7855.000000	0.000000	42.293265
	7860.000000	1.000000	41.818003
	7865.000000	0.000000	42.887777
	7870.000000	1.000000	42.072417
	7875.000000	0.000000	42.070203
	7880.000000	1.000000	42.768890
	7885.000000	1.000000	42.000298
	7890.000000	0.000000	41.668447
	7895.000000	1.000000	45.664758
	7900.000000	0.000000	45.821818
	7905.000000	0.000000	46.221283
	7910.000000	0.000000	44.017643
	7915.000000	1.000000	39.797088
	7920.000000	1.000000	36.985831
	7925.000000	0.000000	35.430981
	7930.000000	0.000000	40.620327
	7935.000000	1.000000	39.272073
	7940.000000	1.000000	39.313253
	7945.000000	1.000000	38.834502
	7950.000000	1.000000	40.794169
	7955.000000	1.000000	45.641383
	7960.000000	0.000000	49.569418
	7965.000000	0.000000	54.356735
	7970.000000	1.000000	54.301671
	7975.000000	1.000000	46.743832
	7980.000000	0.000000	47.803990
	7985.000000	1.000000	50.501773
	7990.000000	1.000000	49.308354
	7995.000000	0.000000	47.822748
	8000.000000	0.000000	53.494637
	8005.000000	0.000000	49.991918
	8010.000000	0.000000	45.416519
	8015.000000	0.000000	41.798856
	8020.000000	0.000000	35.954314
	8025.000000	1.000000	30.905721
	8030.000000	0.000000	29.268624
	8035.000000	0.000000	29.661134
	8040.000000	0.000000	28.775749
	8045.000000	1.000000	27.019730
	8050.000000	0.000000	24.393031
	8055.000000	0.000000	27.917568
	8060.000000	1.000000	27.093769
	8065.000000	0.000000	25.393837
	8070.000000	1.000000	27.552151
	8075.000000	0.000000	26.918631
	8080.000000	0.000000	30.408117
	8085.000000	1.000000	30.470273
	8090.000000	0.000000	28.504829
	8095.000000	1.000000	29.705443
	8100.000000	0.000000	31.398559
	8105.000000	0.000000	31.252520
	8110.000000	0.000000	34.038371
	8115.000000	1.000000	27.056893
	8120.000000	0.000000	27.470733
	8125.000000	0.000000	26.409781
	8130.000000	0.000000	28.265727
	8135.000000	0.000000	26.144042
	8140.000000	0.000000	25.636694
	8145.000000	1.000000	21.356374
	8150.000000	0.000000	18.046511
	8155.000000	1.000000	19.774514
	8160.000000	1.000000	20.949392
	8165.000000	1.000000	24.204369
	8170.000000	0.000000	30.016528
	8175.000000	1.000000	36.947368
	8180.000000	1.000000	38.691228
	8185.000000	1.000000	40.133932
	8190.000000	0.000000	41.141055
	8195.000000	1.000000	48.744303
	8200.000000	1.000000	46.994463
	8205.000000	0.000000	46.371453
	8210.000000	1.000000	51.421196
	8215.000000	1.000000	49.161855
	8220.000000	0.000000	49.444777
	8225.000000	0.000000	48.927077
	8230.000000	1.000000	51.922909
	8235.000000	0.000000	49.024703
	8240.000000	1.000000	48.137539
	8245.000000	1.000000	44.110717
	8250.000000	1.000000	44.869098
	8255.000000	0.000000	48.391141
	8260.000000	1.000000	50.556682
	8265.000000	0.000000	51.446010
	8270.000000	1.000000	50.850743
	8275.000000	1.000000	50.244990
	8280.000000	1.000000	50.572227
	8285.000000	1.000000	50.754442
	8290.000000	0.000000	53.571348
	8295.000000	0.000000	57.857707
	8300.000000	1.000000	57.641463
	8305.000000	0.000000	52.229604
	8310.000000	0.000000	51.497716
	8315.000000	0.000000	47.313547
	8320.000000	1.000000	43.847039
	8325.000000	1.000000	38.087753
	8330.000000	0.000000	39.004921
	8335.000000	1.000000	44.299096
	8340.000000	0.000000	41.417844
	8345.000000	0.000000	43.673491
	8350.000000	0.000000	43.211402
	8355.000000	1.000000	37.932717
	8360.000000	1.000000	36.010854
	8365.000000	1.000000	35.725368
	8370.000000	1.000000	39.136596
	8375.000000	1.000000	43.610776
	8380.000000	1.000000	47.440227
	8385.000000	1.000000	52.235599
	8390.000000	1.000000	55.436424
	8395.000000	0.000000	58.867559
	8400.000000	1.000000	61.435958
	8405.000000	1.000000	59.673896
	8410.000000	0.000000	59.294982
	8415.000000	1.000000	61.729597
	8420.000000	1.000000	58.558873
	8425.000000	0.000000	57.038488
	8430.000000	1.000000	58.004046
	8435.000000	0.000000	57.949938
	8440.000000	0.000000	55.924793
	8445.000000	1.000000	54.578742
	8450.000000	1.000000	48.628517
	8455.000000	1.000000	48.144199
	8460.000000	1.000000	50.614719
	8465.000000	0.000000	52.376908
	8470.000000	1.000000	56.923452
	8475.000000	0.000000	54.749805
	8480.000000	1.000000	54.118245
	8485.000000	0.000000	51.405577
	8490.000000	0.000000	51.551835
	8495.000000	0.000000	50.733660
	8500.000000	0.000000	45.364919
	8505.000000	1.000000	40.673913
	8510.000000	1.000000	34.246723
	8515.000000	1.000000	35.450973
	8520.000000	1.000000	40.057605
	8525.000000	0.000000	44.314788
	8530.000000	0.000000	48.631467
	8535.000000	1.000000	49.088590
	8540.000000	1.000000	46.343332
	8545.000000	1.000000	44.554194
	8550.000000	1.000000	46.798165
	8555.000000	0.000000	50.146920
	8560.000000	1.000000	54.095976
	8565.000000	0.000000	53.007604
	8570.000000	0.000000	52.017129
	8575.000000	1.000000	50.566312
	8580.000000	0.000000	46.549154
	8585.000000	0.000000	45.506294
	8590.000000	0.000000	43.926394
	8595.000000	1.000000	38.967294
	8600.000000	0.000000	35.597572
	8605.000000	0.000000	35.688653
	8610.000000	0.000000	36.572570
	8615.000000	1.000000	32.602862
	8620.000000	0.000000	28.126263
	8625.000000	0.000000	27.812629
	8630.000000	0.000000	30.765304
	8635.000000	1.000000	30.834722
	8640.000000	1.000000	25.201002
	8645.000000	0.000000	27.693425
	8650.000000	0.000000	31.360552
	8655.000000	1.000000	31.626968
	8660.000000	1.000000	30.187674
	8665.000000	0.000000	33.039053
	8670.000000	1.000000	34.524618
	8675.000000	1.000000	37.386340
	8680.000000	0.000000	37.310105
	8685.000000	0.000000	43.100273
	8690.000000	1.000000	42.773032
	8695.000000	0.000000	39.988754
	8700.000000	0.000000	39.396156
	8705.000000	0.000000	40.591209
	8710.000000	1.000000	35.786164
	8715.000000	0.000000	31.530832
	8720.000000	1.000000	32.185986
	8725.000000	0.000000	32.618293
	8730.000000	0.000000	33.545995
	8735.000000	0.000000	32.669279
	8740.000000	0.000000	30.591038
	8745.000000	0.000000	27.194892
	8750.000000	0.000000	26.225337
	8755.000000	1.000000	22.500477
	8760.000000	0.000000	20.363292
	8765.000000	0.000000	19.564871
	8770.000000	0.000000	23.270757
	8775.000000	0.000000	22.044564
	8780.000000	0.000000	20.871898
	8785.000000	0.000000	16.835086
	8790.000000	1.000000	16.449391
	8795.000000	0.000000	14.554520
	8800.000000	1.000000	15.200074
	8805.000000	1.000000	18.155787
	8810.000000	0.000000	20.812644
	8815.000000	0.000000	28.234080
	8820.000000	0.000000	29.337394
	8825.000000	1.000000	27.918305
	8830.000000	1.000000	24.515755
	8835.000000	0.000000	25.468417
	8840.000000	0.000000	32.319468
	8845.000000	1.000000	32.363654
	8850.000000	0.000000	29.913814
	8855.000000	1.000000	31.503130
	8860.000000	0.000000	33.826146
	8865.000000	1.000000	33.431666
	8870.000000	0.000000	34.061070
	8875.000000	0.000000	36.462778
	8880.000000	0.000000	35.350673
	8885.000000	1.000000	32.805368
	8890.000000	0.000000	29.122624
	8895.000000	1.000000	31.943948
	8900.000000	0.000000	29.473066
	8905.000000	1.000000	32.012833
	8910.000000	0.000000	31.547215
	8915.000000	1.000000	33.683414
	8920.000000	0.000000	33.986767
	8925.000000	0.000000	37.135457
	8930.000000	1.000000	35.494574
	8935.000000	1.000000	33.395130
	8940.000000	0.000000	33.912496
	8945.000000	0.000000	36.724759
	8950.000000	0.000000	39.505217
	8955.000000	1.000000	34.484635
	8960.000000	1.000000	32.872926
	8965.000000	1.000000	31.867462
	8970.000000	1.000000	35.931659
	8975.000000	1.000000	42.779880
	8980.000000	1.000000	46.739394
	8985.000000	1.000000	51.260795
	8990.000000	0.000000	55.871185
	8995.000000	0.000000	57.501090
	9000.000000	1.000000	57.146128
	9005.000000	1.000000	51.494086
	9010.000000	0.000000	49.868913
	9015.000000	1.000000	51.577759
	9020.000000	0.000000	52.224414
	9025.000000	0.000000	51.302770
	9030.000000	0.000000	49.127531
	9035.000000	0.000000	45.866656
	9040.000000	0.000000	41.619698
	9045.000000	0.000000	34.563413
	9050.000000	1.000000	30.855981
	9055.000000	1.000000	27.728659
	9060.000000	1.000000	28.650364
	9065.000000	0.000000	30.607203
	9070.000000	0.000000	37.930647
	9075.000000	0.000000	39.879376
	9080.000000	0.000000	36.125704
	9085.000000	0.000000	32.667682
	9090.000000	1.000000	28.795472
	9095.000000	0.000000	26.437679
	9100.000000	0.000000	25.969655
	9105.000000	0.000000	28.832137
	9110.000000	1.000000	26.855920
	9115.000000	1.000000	23.944398
	9120.000000	1.000000	25.319725
	9125.000000	1.000000	30.450012
	9130.000000	0.000000	35.413813
	9135.000000	1.000000	41.791865
	9140.000000	0.000000	43.713104
	9145.000000	1.000000	41.282951
	9150.000000	0.000000	41.592555
	9155.000000	1.000000	41.346409
	9160.000000	0.000000	40.363545
	9165.000000	0.000000	41.613434
	9170.000000	1.000000	41.149788
	9175.000000	1.000000	37.195794
	9180.000000	1.000000	38.464369
	9185.000000	0.000000	40.303905
	9190.000000	0.000000	46.523940
	9195.000000	1.000000	46.364462
	9200.000000	1.000000	41.926338
	9205.000000	1.000000	40.918519
	9210.000000	0.000000	44.500401
	9215.000000	1.000000	49.896452
	9220.000000	0.000000	48.701956
	9225.000000	1.000000	49.951287
	9230.000000	0.000000	46.910280
	9235.000000	1.000000	47.537494
	9240.000000	1.000000	45.971920
	9245.000000	1.000000	44.803711
	9250.000000	0.000000	50.480073
	9255.000000	1.000000	51.728194
	9260.000000	1.000000	52.020238
	9265.000000	0.000000	52.246767
	9270.000000	1.000000	54.860603
	9275.000000	0.000000	53.638268
	9280.000000	1.000000	53.613347
	9285.000000	0.000000	50.567094
	9290.000000	1.000000	50.616085
	9295.000000	0.000000	46.931505
	9300.000000	1.000000	49.319865
	9305.000000	0.000000	47.211657
	9310.000000	0.000000	47.464021
	9315.000000	1.000000	45.512041
	9320.000000	0.000000	43.128128
	9325.000000	0.000000	44.480294
	9330.000000	0.000000	40.364128
	9335.000000	0.000000	38.097140
	9340.000000	1.000000	32.887545
	9345.000000	1.000000	29.978897
	9350.000000	0.000000	31.867563
	9355.000000	1.000000	33.836439
	9360.000000	0.000000	35.574085
	9365.000000	1.000000	36.510504
	9370.000000	1.000000	37.757063
	9375.000000	1.000000	37.779719
	9380.000000	0.000000	40.865281
	9385.000000	1.000000	47.952325
	9390.000000	1.000000	46.622852
	9395.000000	0.000000	47.822969
	9400.000000	0.000000	50.220419
	9405.000000	0.000000	50.103642
	9410.000000	1.000000	43.782138
	9415.000000	0.000000	40.877809
	9420.000000	1.000000	40.908037
	9425.000000	0.000000	38.408753
	9430.000000	0.000000	40.189162
	9435.000000	0.000000	39.600374
	9440.000000	1.000000	38.082719
	9445.000000	1.000000	33.387511
	9450.000000	0.000000	32.692904
	9455.000000	1.000000	37.547873
	9460.000000	0.000000	37.747459
	9465.000000	0.000000	39.567551
	9470.000000	1.000000	39.392598
	9475.000000	1.000000	36.625751
	9480.000000	1.000000	36.530201
	9485.000000	1.000000	40.959178
	9490.000000	1.000000	45.373501
	9495.000000	1.000000	49.144675
	9500.000000	0.000000	53.914507
	9505.000000	1.000000	54.483543
	9510.000000	0.000000	55.328152
	9515.000000	0.000000	56.458111
	9520.000000	1.000000	53.267111
	9525.000000	0.000000	45.777847
	9530.000000	0.000000	47.398882
	9535.000000	1.000000	45.642726
	9540.000000	1.000000	42.172066
	9545.000000	0.000000	39.036618
	9550.000000	0.000000	43.786129
	9555.000000	0.000000	44.882928
	9560.000000	1.000000	39.725886
	9565.000000	1.000000	35.169727
	9570.000000	0.000000	37.226263
	9575.000000	1.000000	40.242541
	9580.000000	1.000000	41.059307
	9585.000000	1.000000	42.125906
	9590.000000	1.000000	45.219531
	9595.000000	0.000000	49.527693
	9600.000000	1.000000	53.363033
	9605.000000	1.000000	52.269243
	9610.000000	0.000000	51.520403
	9615.000000	0.000000	55.209062
	9620.000000	1.000000	54.341939
	9625.000000	1.000000	48.870266
	9630.000000	0.000000	49.927475
	9635.000000	0.000000	50.022862
	9640.000000	0.000000	49.080425
	9645.000000	0.000000	44.864305
	9650.000000	1.000000	38.294691
	9655.000000	1.000000	36.769441
	9660.000000	0.000000	33.313840
	9665.000000	1.000000	39.578442
	9670.000000	1.000000	39.230769
	9675.000000	0.000000	41.457576
	9680.000000	0.000000	43.604776
	9685.000000	1.000000	44.490615
	9690.000000	0.000000	39.752402
	9695.000000	1.000000	40.212788
	9700.000000	0.000000	40.297798
	9705.000000	1.000000	41.158954
	9710.000000	0.000000	39.896829
	9715.000000	1.000000	41.714600
	9720.000000	0.000000	43.190952
	9725.000000	1.000000	40.533333
	9730.000000	0.000000	42.141899
	9735.000000	1.000000	40.866608
	9740.000000	0.000000	39.664142
	9745.000000	0.000000	40.287969
	9750.000000	0.000000	41.959237
	9755.000000	0.000000	36.254268
	9760.000000	0.000000	33.060107
	9765.000000	0.000000	29.241726
	9770.000000	0.000000	26.841852
	9775.000000	1.000000	23.188115
	9780.000000	0.000000	18.934131
	9785.000000	0.000000	21.503526
	9790.000000	0.000000	24.735915
	9795.000000	0.000000	24.246548
	9800.000000	1.000000	17.266796
	9805.000000	0.000000	18.029289
	9810.000000	1.000000	20.263650
	9815.000000	0.000000	22.136038
	9820.000000	1.000000	23.079228
	9825.000000	1.000000	24.718286
	9830.000000	1.000000	25.306350
	9835.000000	0.000000	34.812218
	9840.000000	1.000000	38.698905
	9845.000000	1.000000	41.782137
	9850.000000	1.000000	39.601051
	9855.000000	1.000000	43.760127
	9860.000000	0.000000	49.161493
	9865.000000	1.000000	53.206761
	9870.000000	0.000000	52.132702
	9875.000000	1.000000	49.711755
	9880.000000	1.000000	49.155306
	9885.000000	1.000000	51.475059
	9890.000000	1.000000	51.614680
	9895.000000	0.000000	56.442241
	9900.000000	1.000000	59.716931
	9905.000000	1.000000	56.244385
	9910.000000	0.000000	56.429577
	9915.000000	0.000000	58.331312
	9920.000000	0.000000	57.026944
	9925.000000	1.000000	50.224757
	9930.000000	0.000000	44.933218
	9935.000000	0.000000	45.085434
	9940.000000	0.000000	45.122782
	9945.000000	0.000000	40.437158
	9950.000000	0.000000	35.932325
	9955.000000	1.000000	30.384954
	9960.000000	1.000000	27.621855
	9965.000000	1.000000	26.595957
	9970.000000	1.000000	32.640746
	9975.000000	1.000000	38.030428
	9980.000000	0.000000	42.651940
	9985.000000	1.000000	46.528805
	9990.000000	0.000000	47.305549
	9995.000000	1.000000	48.369730
	10000.000000	1.000000	45.210199
	10005.000000	1.000000	48.937978
	10010.000000	1.000000	52.425487
	10015.000000	1.000000	52.914061
	10020.000000	1.000000	56.931732
	10025.000000	1.000000	59.684120
	10030.000000	0.000000	64.789110
	10035.000000	0.000000	66.312777
	10040.000000	0.000000	62.888404
	10045.000000	0.000000	57.520971
	10050.000000	0.000000	51.721231
	10055.000000	1.000000	47.281461
	10060.000000	0.000000	41.953122
	10065.000000	0.000000	38.028543
	10070.000000	1.000000	38.428284
	10075.000000	1.000000	36.509573
	10080.000000	1.000000	35.875207
	10085.000000	1.000000	40.588936
	10090.000000	1.000000	44.449867
	10095.000000	0.000000	49.277045
	10100.000000	0.000000	53.482220
	10105.000000	0.000000	52.766413
	10110.000000	0.000000	48.095408
	10115.000000	0.000000	44.513790
	10120.000000	1.000000	37.204937
	10125.000000	1.000000	33.489438
	10130.000000	0.000000	34.098101
	10135.000000	1.000000	37.814753
	10140.000000	1.000000	38.159455
	10145.000000	1.000000	38.751598
	10150.000000	1.000000	44.152485
	10155.000000	0.000000	46.073524
	10160.000000	0.000000	50.624540
	10165.000000	1.000000	51.880662
	10170.000000	0.000000	47.663519
	10175.000000	0.000000	46.625755
	10180.000000	1.000000	45.509902
	10185.000000	1.000000	42.016612
	10190.000000	1.000000	40.164122
	10195.000000	0.000000	44.040325
	10200.000000	1.000000	48.634480
	10205.000000	0.000000	47.576150
	10210.000000	1.000000	48.788354
	10215.000000	0.000000	47.340847
	10220.000000	0.000000	45.462264
	10225.000000	1.000000	43.947342
	10230.000000	1.000000	43.063758
	10235.000000	0.000000	40.318700
	10240.000000	1.000000	43.905864
	10245.000000	1.000000	42.851501
	10250.000000	1.000000	44.102929
	10255.000000	1.000000	47.843272
	10260.000000	1.000000	52.776359
	10265.000000	1.000000	55.089124
	10270.000000	0.000000	58.607166
	10275.000000	0.000000	62.943926
	10280.000000	0.000000	59.448343
	10285.000000	1.000000	55.140052
	10290.000000	0.000000	47.099104
	10295.000000	0.000000	46.322473
	10300.000000	0.000000	45.020301
	10305.000000	0.000000	43.913128
	10310.000000	1.000000	38.189391
	10315.000000	0.000000	33.648058
	10320.000000	1.000000	32.975885
	10325.000000	1.000000	33.323418
	10330.000000	1.000000	36.591215
	10335.000000	1.000000	40.361559
	10340.000000	1.000000	42.722316
	10345.000000	0.000000	47.165790
	10350.000000	1.000000	51.319823
	10355.000000	0.000000	51.372545
	10360.000000	1.000000	51.835880
	10365.000000	0.000000	49.811716
	10370.000000	0.000000	48.346611
	10375.000000	1.000000	47.576567
	10380.000000	1.000000	42.333516
	10385.000000	1.000000	43.575850
	10390.000000	1.000000	47.279660
	10395.000000	1.000000	47.721241
	10400.000000	1.000000	54.253294
	10405.000000	1.000000	56.240897
	10410.000000	1.000000	62.503335
	10415.000000	0.000000	63.396901
	10420.000000	0.000000	66.044148
	10425.000000	1.000000	63.752893
	10430.000000	0.000000	56.247975
	10435.000000	1.000000	56.041632
	10440.000000	1.000000	53.486500
	10445.000000	0.000000	50.226136
	10450.000000	0.000000	54.164036
	10455.000000	0.000000	52.458482
	10460.000000	1.000000	46.594244
	10465.000000	1.000000	42.730244
	10470.000000	1.000000	43.656111
	10475.000000	0.000000	44.617350
	10480.000000	1.000000	49.159927
	10485.000000	0.000000	48.706470
	10490.000000	1.000000	50.199181
	10495.000000	0.000000	47.848233
	10500.000000	0.000000	47.875835
	10505.000000	0.000000	48.760147
	10510.000000	1.000000	42.542981
	10515.000000	0.000000	36.342162
	10520.000000	1.000000	39.488967
	10525.000000	1.000000	37.269527
	10530.000000	1.000000	37.673094
	10535.000000	0.000000	42.555528
	10540.000000	1.000000	45.943923
	10545.000000	0.000000	47.014602
	10550.000000	0.000000	47.420724
	10555.000000	0.000000	44.847045
	10560.000000	1.000000	42.420722
	10565.000000	1.000000	37.970751
	10570.000000	0.000000	37.230845
	10575.000000	0.000000	42.315611
	10580.000000	0.000000	41.713567
	10585.000000	1.000000	37.550278
	10590.000000	1.000000	33.708926
	10595.000000	1.000000	32.953772
	10600.000000	1.000000	36.258614
	10605.000000	0.000000	42.196222
	10610.000000	1.000000	47.411560
	10615.000000	1.000000	46.866541
	10620.000000	0.000000	47.562922
	10625.000000	0.000000	51.661420
	10630.000000	1.000000	50.305551
	10635.000000	0.000000	46.683172
	10640.000000	0.000000	45.563087
	10645.000000	0.000000	42.493292
	10650.000000	0.000000	39.213285
	10655.000000	0.000000	34.234477
	10660.000000	1.000000	30.453635
	10665.000000	0.000000	27.373222
	10670.000000	0.000000	28.808269
	10675.000000	0.000000	26.732965
	10680.000000	1.000000	26.947206
	10685.000000	0.000000	23.279604
	10690.000000	1.000000	26.732048
	10695.000000	1.000000	24.840131
	10700.000000	0.000000	29.987687
	10705.000000	1.000000	32.768070
	10710.000000	0.000000	33.758388
	10715.000000	0.000000	38.048766
	10720.000000	0.000000	36.538467
	10725.000000	0.000000	33.166059
	10730.000000	0.000000	30.168978
	10735.000000	0.000000	26.046701
	10740.000000	0.000000	24.207255
	10745.000000	1.000000	20.250051
	10750.000000	1.000000	18.270813
	10755.000000	0.000000	21.075058
	10760.000000	0.000000	27.118197
	10765.000000	0.000000	29.100536
	10770.000000	1.000000	26.039496
	10775.000000	0.000000	24.265180
	10780.000000	0.000000	25.228461
	10785.000000	0.000000	25.445747
	10790.000000	0.000000	25.592625
	10795.000000	1.000000	20.844089
	10800.000000	1.000000	19.961816
	10805.000000	1.000000	20.784117
	10810.000000	1.000000	26.988282
	10815.000000	1.000000	32.902678
	10820.000000	1.000000	38.925196
	10825.000000	1.000000	44.127976
	10830.000000	1.000000	49.760602
	10835.000000	1.000000	53.153705
	10840.000000	1.000000	56.426068
	10845.000000	1.000000	58.338475
	10850.000000	0.000000	61.657424
	10855.000000	1.000000	64.245098
	10860.000000	1.000000	63.488509
	10865.000000	1.000000	59.169845
	10870.000000	1.000000	61.194097
	10875.000000	1.000000	65.498830
	10880.000000	0.000000	66.448141
	10885.000000	1.000000	68.937983
	10890.000000	0.000000	64.821815
	10895.000000	1.000000	63.829920
	10900.000000	1.000000	59.606526
	10905.000000	0.000000	59.334424
	10910.000000	1.000000	60.609520
	10915.000000	1.000000	59.320056
	10920.000000	1.000000	58.330185
	10925.000000	1.000000	59.754464
	10930.000000	0.000000	61.738149
	10935.000000	1.000000	64.737092
	10940.000000	0.000000	63.066350
	10945.000000	1.000000	61.770045
	10950.000000	0.000000	59.108444
	10955.000000	1.000000	55.739563
	10960.000000	1.000000	53.544223
	10965.000000	0.000000	52.820027
	10970.000000	1.000000	54.189680
	10975.000000	1.000000	54.774764
	10980.000000	1.000000	52.808008
	10985.000000	0.000000	56.518273
	10990.000000	1.000000	58.517893
	10995.000000	1.000000	56.744950
	11000.000000	0.000000	56.002667
	11005.000000	1.000000	58.251800
	11010.000000	0.000000	56.302942
	11015.000000	0.000000	56.823396
	11020.000000	0.000000	52.882171
	11025.000000	1.000000	49.488904
	11030.000000	0.000000	42.263961
	11035.000000	1.000000	41.135744
	11040.000000	0.000000	40.601123
	11045.000000	1.000000	41.248189
	11050.000000	1.000000	42.420821
	11055.000000	1.000000	40.916737
	11060.000000	0.000000	44.668619
	11065.000000	0.000000	48.606606
	11070.000000	1.000000	48.617168
	11075.000000	1.000000	45.183245
	11080.000000	1.000000	43.888893
	11085.000000	0.000000	47.435258
	11090.000000	1.000000	51.381881
	11095.000000	1.000000	52.290045
	11100.000000	1.000000	51.779382
	11105.000000	0.000000	53.466770
	11110.000000	1.000000	56.794341
	11115.000000	1.000000	55.483517
	11120.000000	1.000000	53.251460
	11125.000000	1.000000	54.694336
	11130.000000	1.000000	58.711051
	11135.000000	0.000000	61.780312
	11140.000000	0.000000	64.354042
	11145.000000	1.000000	63.058998
	11150.000000	1.000000	55.636798
	11155.000000	1.000000	55.236700
	11160.000000	0.000000	59.095828
	11165.000000	1.000000	58.889110
	11170.000000	0.000000	56.566630
	11175.000000	0.000000	55.272843
	11180.000000	0.000000	54.532280
	11185.000000	1.000000	49.861049
	11190.000000	1.000000	44.990390
	11195.000000	1.000000	42.771639
	11200.000000	0.000000	45.782707
	11205.000000	0.000000	47.749924
	11210.000000	1.000000	48.254509
	11215.000000	1.000000	45.180699
	11220.000000	1.000000	45.188966
	11225.000000	0.000000	49.101839
	11230.000000	0.000000	51.051483
	11235.000000	0.000000	52.155874
	11240.000000	1.000000	48.479458
	11245.000000	0.000000	41.576911
	11250.000000	1.000000	42.718845
	11255.000000	1.000000	41.576531
	11260.000000	0.000000	39.632829
	11265.000000	0.000000	45.286163
	11270.000000	0.000000	45.325929
	11275.000000	1.000000	40.816481
	11280.000000	0.000000	39.258113
	11285.000000	0.000000	36.348832
	11290.000000	0.000000	34.178922
	11295.000000	1.000000	35.327545
	11300.000000	0.000000	28.191300
	11305.000000	1.000000	31.564316
	11310.000000	1.000000	32.369115
	11315.000000	1.000000	33.774923
	11320.000000	1.000000	37.837373
	11325.000000	0.000000	41.966251
	11330.000000	0.000000	47.690852
	11335.000000	0.000000	48.402081
	11340.000000	0.000000	43.022900
	11345.000000	1.000000	38.611589
	11350.000000	0.000000	33.464438
	11355.000000	1.000000	33.263046
	11360.000000	1.000000	34.315485
	11365.000000	1.000000	35.298598
	11370.000000	1.000000	38.783561
	11375.000000	0.000000	45.191904
	11380.000000	0.000000	49.387384
	11385.000000	1.000000	48.453222
	11390.000000	0.000000	42.953629
	11395.000000	1.000000	43.104910
	11400.000000	0.000000	43.711908
	11405.000000	1.000000	43.900824
	11410.000000	1.000000	42.623109
	11415.000000	0.000000	42.028281
	11420.000000	1.000000	47.289806
	11425.000000	1.000000	45.918800
	11430.000000	0.000000	47.179921
	11435.000000	1.000000	49.381644
	11440.000000	1.000000	48.227601
	11445.000000	1.000000	50.630416
	11450.000000	0.000000	49.571114
	11455.000000	1.000000	53.881993
	11460.000000	1.000000	55.475147
	11465.000000	1.000000	52.699708
	11470.000000	1.000000	55.104634
	11475.000000	0.000000	58.444733
	11480.000000	0.000000	61.401141
	11485.000000	0.000000	61.272198
	11490.000000	1.000000	56.127454
	11495.000000	1.000000	46.551604
	11500.000000	1.000000	47.658104
	11505.000000	1.000000	50.043408
	11510.000000	1.000000	51.778206
	11515.000000	1.000000	58.940969
	11520.000000	0.000000	60.856601
	11525.000000	0.000000	60.616790
	11530.000000	0.000000	59.842239
	11535.000000	1.000000	55.619659
	11540.000000	1.000000	49.257635
	11545.000000	0.000000	48.996780
	11550.000000	0.000000	50.479005
	11555.000000	0.000000	50.863718
	11560.000000	1.000000	44.173577
	11565.000000	0.000000	39.861579
	11570.000000	0.000000	41.006040
	11575.000000	1.000000	38.688825
	11580.000000	0.000000	37.404416
	11585.000000	1.000000	37.624687
	11590.000000	1.000000	35.997489
	11595.000000	1.000000	36.905347
	11600.000000	1.000000	41.266082
	11605.000000	0.000000	45.996456
	11610.000000	1.000000	50.305420
	11615.000000	0.000000	48.831710
	11620.000000	1.000000	50.679893
	11625.000000	1.000000	47.537527
	11630.000000	0.000000	47.069451
	11635.000000	1.000000	49.665484
	11640.000000	0.000000	49.899216
	11645.000000	1.000000	49.863516
	11650.000000	1.000000	46.137628
	11655.000000	0.000000	49.004218
	11660.000000	1.000000	51.568091
	11665.000000	0.000000	50.395396
	11670.000000	0.000000	49.530810
	11675.000000	0.000000	47.778102
	11680.000000	0.000000	44.148565
	11685.000000	1.000000	39.200451
	11690.000000	0.000000	34.993517
	11695.000000	0.000000	37.912353
	11700.000000	1.000000	34.828498
	11705.000000	1.000000	32.784158
	11710.000000	0.000000	34.296859
	11715.000000	1.000000	37.124282
	11720.000000	0.000000	39.406717
	11725.000000	0.000000	39.141355
	11730.000000	0.000000	37.131175
	11735.000000	0.000000	34.310830
	11740.000000	1.000000	33.127551
	11745.000000	0.000000	27.710969
	11750.000000	1.000000	30.650441
	11755.000000	1.000000	28.780380
	11760.000000	1.000000	29.556676
	11765.000000	0.000000	36.631151
	11770.000000	1.000000	44.155139
	11775.000000	0.000000	41.851940
	11780.000000	1.000000	44.515062
	11785.000000	0.000000	40.234247
	11790.000000	1.000000	41.487228
	11795.000000	1.000000	41.951531
	11800.000000	0.000000	40.881059
	11805.000000	0.000000	45.804030
	11810.000000	1.000000	43.346982
	11815.000000	1.000000	41.380241
	11820.000000	0.000000	40.611700
	11825.000000	1.000000	43.825630
	11830.000000	1.000000	45.149881
	11835.000000	1.000000	44.594432
	11840.000000	1.000000	49.610446
	11845.000000	1.000000	50.073664
	11850.000000	0.000000	55.385955
	11855.000000	0.000000	57.470328
	11860.000000	0.000000	57.782907
	11865.000000	0.000000	52.643795
	11870.000000	1.000000	48.099432
	11875.000000	0.000000	40.897360
	11880.000000	1.000000	40.111630
	11885.000000	0.000000	38.391440
	11890.000000	1.000000	40.376205
	11895.000000	1.000000	39.256170
	11900.000000	0.000000	41.022923
	11905.000000	0.000000	44.274760
	11910.000000	1.000000	43.081440
	11915.000000	1.000000	40.363975
	11920.000000	1.000000	40.226384
	11925.000000	1.000000	43.515127
	11930.000000	1.000000	47.702619
	11935.000000	1.000000	52.139540
	11940.000000	1.000000	55.753057
	11945.000000	1.000000	58.186497
	11950.000000	1.000000	60.382293
	11955.000000	0.000000	66.327685
	11960.000000	1.000000	67.245485
	11965.000000	0.000000	63.099080
	11970.000000	1.000000	61.917568
	11975.000000	1.000000	59.870453
	11980.000000	1.000000	56.837886
	11985.000000	0.000000	60.043804
	11990.000000	1.000000	61.666106
	11995.000000	1.000000	60.064157
	12000.000000	1.000000	59.001944
	12005.000000	0.000000	61.159171
	12010.000000	0.000000	61.780843
	12015.000000	1.000000	59.989268
	12020.000000	0.000000	54.012113
	12025.000000	1.000000	53.995527
	12030.000000	1.000000	51.557406
	12035.000000	0.000000	49.329567
	12040.000000	1.000000	51.329148
	12045.000000	1.000000	52.992497
	12050.000000	1.000000	50.657712
	12055.000000	1.000000	55.532940
	12060.000000	1.000000	58.307566
	12065.000000	0.000000	61.549247
	12070.000000	0.000000	63.218979
	12075.000000	1.000000	62.791705
	12080.000000	0.000000	57.449604
	12085.000000	1.000000	53.063919
	12090.000000	0.000000	50.150010
	12095.000000	1.000000	50.111192
	12100.000000	0.000000	49.998891
	12105.000000	0.000000	49.794809
	12110.000000	1.000000	49.567737
	12115.000000	1.000000	43.377970
	12120.000000	0.000000	42.860781
	12125.000000	1.000000	46.331406
	12130.000000	0.000000	45.399646
	12135.000000	1.000000	46.659789
	12140.000000	1.000000	43.845886
	12145.000000	1.000000	45.526141
	12150.000000	1.000000	47.377170
	12155.000000	0.000000	52.772614
	12160.000000	1.000000	55.813291
	12165.000000	0.000000	55.615348
	12170.000000	0.000000	55.129841
	12175.000000	0.000000	53.769890
	12180.000000	0.000000	46.408133
	12185.000000	1.000000	42.265621
	12190.000000	0.000000	38.723868
	12195.000000	1.000000	36.470447
	12200.000000	0.000000	36.183443
	12205.000000	1.000000	37.049463
	12210.000000	0.000000	38.641362
	12215.000000	1.000000	38.038965
	12220.000000	0.000000	37.801096
	12225.000000	1.000000	38.718827
	12230.000000	1.000000	37.917470
	12235.000000	1.000000	38.284276
	12240.000000	0.000000	45.248061
	12245.000000	0.000000	46.925340
	12250.000000	0.000000	44.724860
	12255.000000	0.000000	43.141088
	12260.000000	1.000000	40.110501
	12265.000000	0.000000	34.274365
	12270.000000	1.000000	34.425293
	12275.000000	1.000000	32.193917
	12280.000000	0.000000	35.102034
	12285.000000	1.000000	40.421189
	12290.000000	0.000000	40.445076
	12295.000000	0.000000	42.013192
	12300.000000	1.000000	42.837033
	12305.000000	0.000000	39.134169
	12310.000000	0.000000	36.498840
	12315.000000	0.000000	38.101358
	12320.000000	0.000000	32.882842
	12325.000000	1.000000	29.342749
	12330.000000	0.000000	26.501090
	12335.000000	0.000000	27.970170
	12340.000000	1.000000	28.448602
	12345.000000	0.000000	26.828670
	12350.000000	1.000000	29.123926
	12355.000000	1.000000	27.611921
	12360.000000	0.000000	30.978934
	12365.000000	0.000000	35.616130
	12370.000000	0.000000	38.050349
	12375.000000	1.000000	32.435622
	12380.000000	0.000000	27.922306
	12385.000000	1.000000	30.883143
	12390.000000	0.000000	31.371318
	12395.000000	1.000000	31.535527
	12400.000000	0.000000	34.398895
	12405.000000	1.000000	34.141564
	12410.000000	1.000000	33.496757
	12415.000000	0.000000	36.046264
	12420.000000	1.000000	40.691545
	12425.000000	1.000000	40.519864
	12430.000000	0.000000	40.447802
	12435.000000	0.000000	45.089686
	12440.000000	1.000000	45.704835
	12445.000000	1.000000	42.559717
	12450.000000	0.000000	39.492941
	12455.000000	1.000000	43.841663
	12460.000000	1.000000	43.258239
	12465.000000	0.000000	44.358718
	12470.000000	1.000000	48.930512
	12475.000000	1.000000	47.973613
	12480.000000	0.000000	47.517298
	12485.000000	0.000000	52.806078
	12490.000000	0.000000	49.390917
	12495.000000	1.000000	45.346146
	12500.000000	1.000000	41.442300
	12505.000000	1.000000	41.164363
	12510.000000	1.000000	45.930222
	12515.000000	0.000000	47.739715
	12520.000000	0.000000	52.675524
	12525.000000	1.000000	48.515011
	12530.000000	0.000000	45.772893
	12535.000000	0.000000	45.021328
	12540.000000	1.000000	44.244153
	12545.000000	0.000000	40.226369
	12550.000000	1.000000	38.915279
	12555.000000	0.000000	37.690460
	12560.000000	1.000000	41.230119
	12565.000000	0.000000	39.179097
	12570.000000	1.000000	40.884827
	12575.000000	1.000000	40.446157
	12580.000000	0.000000	41.049185
	12585.000000	0.000000	44.828670
	12590.000000	1.000000	45.805151
	12595.000000	0.000000	40.948043
	12600.000000	0.000000	40.947304
	12605.000000	1.000000	40.020418
	12610.000000	1.000000	35.297321
	12615.000000	1.000000	36.859961
	12620.000000	1.000000	42.445926
	12625.000000	0.000000	43.447664
	12630.000000	0.000000	48.803867
	12635.000000	1.000000	49.111399
	12640.000000	0.000000	44.335291
	12645.000000	0.000000	42.570031
	12650.000000	0.000000	43.994648
	12655.000000	0.000000	38.075398
	12660.000000	1.000000	35.586891
	12665.000000	0.000000	31.520947
	12670.000000	1.000000	31.057057
	12675.000000	0.000000	31.398247
	12680.000000	0.000000	34.428540
	12685.000000	1.000000	33.441456
	12690.000000	1.000000	29.699840
	12695.000000	0.000000	31.448339
	12700.000000	1.000000	36.511786
	12705.000000	1.000000	39.989585
	12710.000000	0.000000	39.285650
	12715.000000	1.000000	43.741504
	12720.000000	1.000000	42.114886
	12725.000000	1.000000	42.312975
	12730.000000	0.000000	46.540051
	12735.000000	0.000000	50.670767
	12740.000000	1.000000	49.056361
	12745.000000	1.000000	44.927543
	12750.000000	1.000000	44.884615
	12755.000000	0.000000	47.913320
	12760.000000	0.000000	51.786724
	12765.000000	1.000000	52.927893
	12770.000000	1.000000	47.058217
	12775.000000	0.000000	46.999945
	12780.000000	1.000000	48.735084
	12785.000000	1.000000	47.488428
	12790.000000	0.000000	48.549671
	12795.000000	1.000000	50.841825
	12800.000000	0.000000	50.152873
	12805.000000	0.000000	50.007210
	12810.000000	0.000000	50.057393
	12815.000000	0.000000	41.492644
	12820.000000	1.000000	39.774561
	12825.000000	1.000000	35.551386
	12830.000000	0.000000	36.197835
	12835.000000	1.000000	39.836109
	12840.000000	1.000000	39.947356
	12845.000000	0.000000	39.070556
	12850.000000	1.000000	42.841502
	12855.000000	1.000000	43.758942
	12860.000000	0.000000	45.365519
	12865.000000	1.000000	48.324529
	12870.000000	0.000000	46.823101
	12875.000000	1.000000	47.831604
	12880.000000	1.000000	47.381959
	12885.000000	1.000000	45.665904
	12890.000000	1.000000	50.432716
	12895.000000	1.000000	54.701594
	12900.000000	0.000000	57.058532
	12905.000000	0.000000	59.599145
	12910.000000	0.000000	57.116512
	12915.000000	0.000000	52.804080
	12920.000000	0.000000	45.795708
	12925.000000	0.000000	40.481053
	12930.000000	1.000000	37.282391
	12935.000000	0.000000	33.008429
	12940.000000	1.000000	30.975316
	12945.000000	1.000000	31.013069
	12950.000000	1.000000	34.708127
	12955.000000	0.000000	37.888260
	12960.000000	0.000000	43.065386
	12965.000000	1.000000	46.073909
	12970.000000	1.000000	40.031442
	12975.000000	0.000000	39.149429
	12980.000000	1.000000	44.324813
	12985.000000	1.000000	42.653556
	12990.000000	1.000000	43.667558
	12995.000000	1.000000	48.342971
	13000.000000	0.000000	52.926772
	13005.000000	0.000000	54.184831
	13010.000000	0.000000	56.904992
	13015.000000	0.000000	50.008819
	13020.000000	0.000000	43.845311
	13025.000000	1.000000	38.534437
	13030.000000	1.000000	35.982579
	13035.000000	1.000000	33.915918
	13040.000000	1.000000	38.586235
	13045.000000	1.000000	45.194143
	13050.000000	1.000000	48.149024
	13055.000000	1.000000	52.875865
	13060.000000	0.000000	56.989693
	13065.000000	1.000000	58.412937
	13070.000000	1.000000	58.016873
	13075.000000	1.000000	56.697742
	13080.000000	0.000000	57.857656
	13085.000000	1.000000	60.495927
	13090.000000	0.000000	59.722267
	13095.000000	1.000000	60.673810
	13100.000000	0.000000	56.857128
	13105.000000	1.000000	54.135640
	13110.000000	0.000000	50.894700
	13115.000000	0.000000	51.599686
	13120.000000	0.000000	49.073186
	13125.000000	1.000000	45.495779
	13130.000000	1.000000	39.600550
	13135.000000	0.000000	42.308854
	13140.000000	0.000000	43.705103
	13145.000000	1.000000	42.870456
	13150.000000	0.000000	39.526867
	13155.000000	1.000000	40.085442
	13160.000000	1.000000	39.794609
	13165.000000	1.000000	39.416505
	13170.000000	0.000000	42.279874
	13175.000000	0.000000	47.489652
	13180.000000	0.000000	49.410101
	13185.000000	1.000000	43.856678
	13190.000000	1.000000	38.226833
	13195.000000	1.000000	39.837323
	13200.000000	1.000000	42.663491
	13205.000000	1.000000	47.852270
	13210.000000	0.000000	51.542989
	13215.000000	0.000000	53.666112
	13220.000000	0.000000	53.426625
	13225.000000	0.000000	48.671872
	13230.000000	1.000000	44.216170
	13235.000000	1.000000	39.210557
	13240.000000	1.000000	37.464384
	13245.000000	0.000000	43.397516
	13250.000000	1.000000	44.780308
	13255.000000	1.000000	48.603958
	13260.000000	0.000000	47.741176
	13265.000000	1.000000	49.752489
	13270.000000	1.000000	48.794124
	13275.000000	0.000000	48.429166
	13280.000000	1.000000	52.608224
	13285.000000	1.000000	51.081294
	13290.000000	0.000000	51.027807
	13295.000000	1.000000	52.642185
	13300.000000	1.000000	51.137040
	13305.000000	1.000000	54.640870
	13310.000000	1.000000	54.498447
	13315.000000	1.000000	57.579481
	13320.000000	1.000000	61.613270
	13325.000000	1.000000	60.859610
	13330.000000	1.000000	66.666240
	13335.000000	0.000000	66.443368
	13340.000000	1.000000	68.197196
	13345.000000	0.000000	68.067189
	13350.000000	0.000000	63.944434
	13355.000000	1.000000	60.724298
	13360.000000	1.000000	53.945289
	13365.000000	0.000000	54.906194
	13370.000000	1.000000	57.073744
	13375.000000	1.000000	55.537267
	13380.000000	0.000000	53.291997
	13385.000000	0.000000	55.072966
	13390.000000	1.000000	54.102115
	13395.000000	1.000000	47.549524
	13400.000000	0.000000	48.428507
	13405.000000	0.000000	50.094795
	13410.000000	1.000000	49.902665
	13415.000000	0.000000	45.407137
	13420.000000	1.000000	44.449518
	13425.000000	1.000000	44.609410
	13430.000000	0.000000	43.593326
	13435.000000	1.000000	46.859495
	13440.000000	0.000000	47.995246
	13445.000000	0.000000	47.564407
	13450.000000	1.000000	45.449227
	13455.000000	1.000000	42.626192
	13460.000000	0.000000	40.326465
	13465.000000	0.000000	45.655779
	13470.000000	0.000000	43.777518
	13475.000000	1.000000	39.582035
	13480.000000	0.000000	37.782282
	13485.000000	1.000000	35.861112
	13490.000000	1.000000	36.531451
	13495.000000	1.000000	36.232198
	13500.000000	1.000000	39.992788
	13505.000000	1.000000	45.189143
	13510.000000	1.000000	50.727952
	13515.000000	0.000000	55.318267
	13520.000000	0.000000	57.060597
	13525.000000	1.000000	54.842349
	13530.000000	0.000000	50.529953
	13535.000000	0.000000	48.757515
	13540.000000	0.000000	47.664225
	13545.000000	0.000000	43.173942
	13550.000000	0.000000	38.791665
	13555.000000	0.000000	34.611196
	13560.000000	1.000000	29.778241
	13565.000000	0.000000	27.555845
	13570.000000	0.000000	28.563273
	13575.000000	1.000000	28.713228
	13580.000000	0.000000	26.036027
	13585.000000	0.000000	29.771171
	13590.000000	0.000000	29.218750
	13595.000000	1.000000	27.178040
	13600.000000	0.000000	23.589561
	13605.000000	0.000000	25.753124
	13610.000000	1.000000	26.863699
	13615.000000	1.000000	24.831049
	13620.000000	0.000000	25.761201
	13625.000000	0.000000	31.218374
	13630.000000	0.000000	33.353446
	13635.000000	1.000000	31.920160
	13640.000000	0.000000	26.293426
	13645.000000	0.000000	28.538272
	13650.000000	1.000000	29.118281
	13655.000000	1.000000	26.351975
	13660.000000	1.000000	26.699063
	13665.000000	1.000000	31.234150
	13670.000000	1.000000	39.483458
	13675.000000	1.000000	42.703696
	13680.000000	0.000000	49.214441
	13685.000000	0.000000	53.615099
	13690.000000	0.000000	51.969475
	13695.000000	0.000000	44.153362
	13700.000000	1.000000	42.098699
	13705.000000	0.000000	38.147065
	13710.000000	0.000000	37.656693
	13715.000000	0.000000	36.655016
	13720.000000	1.000000	32.771698
	13725.000000	1.000000	29.389590
	13730.000000	0.000000	31.067945
	13735.000000	0.000000	33.620728
	13740.000000	0.000000	36.929312
	13745.000000	1.000000	35.591612
	13750.000000	0.000000	31.117810
	13755.000000	1.000000	31.028013
	13760.000000	1.000000	30.872668
	13765.000000	0.000000	33.359939
	13770.000000	1.000000	36.740224
	13775.000000	1.000000	37.921462
	13780.000000	1.000000	39.477958
	13785.000000	0.000000	43.102186
	13790.000000	0.000000	48.980484
	13795.000000	0.000000	47.234187
	13800.000000	0.000000	42.339116
	13805.000000	1.000000	39.722292
	13810.000000	0.000000	34.637479
	13815.000000	0.000000	34.867942
	13820.000000	1.000000	33.460139
	13825.000000	0.000000	30.058457
	13830.000000	1.000000	33.457918
	13835.000000	0.000000	32.324754
	13840.000000	0.000000	36.928986
	13845.000000	0.000000	32.346787
	13850.000000	0.000000	30.006684
	13855.000000	1.000000	28.805221
	13860.000000	0.000000	26.899964
	13865.000000	0.000000	26.360322
	13870.000000	0.000000	28.737828
	13875.000000	0.000000	26.104970
	13880.000000	0.000000	23.026879
	13885.000000	1.000000	19.192293
	13890.000000	0.000000	18.370562
	13895.000000	0.000000	19.821370
	13900.000000	1.000000	22.139761
	13905.000000	1.000000	20.811216
	13910.000000	0.000000	20.868779
	13915.000000	1.000000	27.926719
	13920.000000	1.000000	29.626504
	13925.000000	0.000000	32.017700
	13930.000000	0.000000	37.040045
	13935.000000	0.000000	37.259465
	13940.000000	1.000000	34.496936
	13945.000000	0.000000	31.109097
	13950.000000	0.000000	32.684803
	13955.000000	1.000000	31.796513
	13960.000000	0.000000	30.039722
	13965.000000	0.000000	32.046232
	13970.000000	1.000000	33.086445
	13975.000000	1.000000	27.386737
	13980.000000	1.000000	30.550817
	13985.000000	0.000000	35.751274
	13990.000000	1.000000	38.926441
	13995.000000	1.000000	40.938637
	14000.000000	1.000000	40.812692
	14005.000000	0.000000	45.126317
	14010.000000	0.000000	52.475764
	14015.000000	1.000000	50.250012
	14020.000000	1.000000	44.957503
	14025.000000	1.000000	44.142541
	14030.000000	1.000000	47.826160
	14035.000000	0.000000	49.375301
	14040.000000	1.000000	54.438124
	14045.000000	1.000000	53.870494
	14050.000000	0.000000	52.230059
	14055.000000	1.000000	54.828977
	14060.000000	0.000000	54.712852
	14065.000000	0.000000	52.261771
	14070.000000	0.000000	50.843417
	14075.000000	0.000000	48.147130
	14080.000000	0.000000	42.136238
	14085.000000	1.000000	36.839319
	14090.000000	0.000000	33.006746
	14095.000000	1.000000	33.316004
	14100.000000	1.000000	34.973734
	14105.000000	0.000000	35.533001
	14110.000000	0.000000	38.010194
	14115.000000	1.000000	39.556611
	14120.000000	1.000000	34.052416
	14125.000000	1.000000	37.107866
	14130.000000	0.000000	40.246048
	14135.000000	0.000000	45.927027
	14140.000000	1.000000	45.173044
	14145.000000	1.000000	41.613280
	14150.000000	1.000000	39.590864
	14155.000000	1.000000	46.381074
	14160.000000	1.000000	47.488136
	14165.000000	0.000000	51.984228
	14170.000000	1.000000	56.306780
	14175.000000	0.000000	53.763673
	14180.000000	1.000000	54.743172
	14185.000000	0.000000	52.620101
	14190.000000	1.000000	50.960199
	14195.000000	1.000000	49.111335
	14200.000000	1.000000	48.072164
	14205.000000	1.000000	51.219363
	14210.000000	1.000000	53.740837
	14215.000000	1.000000	59.351150
	14220.000000	0.000000	59.506395
	14225.000000	1.000000	63.339214
	14230.000000	0.000000	61.327648
	14235.000000	0.000000	61.754622
	14240.000000	0.000000	59.570889
	14245.000000	0.000000	52.378033
	14250.000000	0.000000	45.073598
	14255.000000	1.000000	41.951024
	14260.000000	1.000000	36.250181
	14265.000000	0.000000	38.133370
	14270.000000	1.000000	40.781442
	14275.000000	0.000000	40.030314
	14280.000000	0.000000	42.178590
	14285.000000	1.000000	41.460309
	14290.000000	0.000000	37.414875
	14295.000000	0.000000	36.341854
	14300.000000	1.000000	37.384289
	14305.000000	1.000000	33.463681
	14310.000000	1.000000	34.494468
	14315.000000	0.000000	38.394230
	14320.000000	0.000000	43.773173
	14325.000000	1.000000	44.464917
	14330.000000	1.000000	41.612058
	14335.000000	0.000000	41.386986
	14340.000000	0.000000	44.318797
	14345.000000	1.000000	42.876894
	14350.000000	0.000000	38.120349
	14355.000000	1.000000	39.151779
	14360.000000	0.000000	40.094657
	14365.000000	0.000000	40.812537
	14370.000000	1.000000	39.961098
	14375.000000	0.000000	35.900326
	14380.000000	0.000000	37.338615
	14385.000000	1.000000	37.142470
	14390.000000	0.000000	33.625508
	14395.000000	0.000000	34.281361
	14400.000000	1.000000	34.121675
	14405.000000	0.000000	30.479759
	14410.000000	1.000000	32.599093
	14415.000000	1.000000	32.777861
	14420.000000	1.000000	33.280852
	14425.000000	1.000000	37.945020
	14430.000000	1.000000	42.362694
	14435.000000	1.000000	49.385959
	14440.000000	0.000000	52.089137
	14445.000000	1.000000	57.704865
	14450.000000	1.000000	55.754283
	14455.000000	0.000000	54.785944
	14460.000000	0.000000	54.792239
	14465.000000	0.000000	54.878391
	14470.000000	0.000000	50.184863
	14475.000000	1.000000	44.226778
	14480.000000	0.000000	38.856473
	14485.000000	0.000000	41.761165
	14490.000000	0.000000	37.171204
	14495.000000	0.000000	33.972134
	14500.000000	0.000000	29.115976
	14505.000000	0.000000	27.420715
	14510.000000	0.000000	23.652142
	14515.000000	0.000000	19.988993
	14520.000000	1.000000	20.865081
	14525.000000	1.000000	15.297476
	14530.000000	0.000000	18.093642
	14535.000000	0.000000	26.293720
	14540.000000	1.000000	28.038139
	14545.000000	1.000000	26.860904
	14550.000000	0.000000	29.581634
	14555.000000	0.000000	32.837143
	14560.000000	0.000000	33.725326
	14565.000000	0.000000	29.763610
	14570.000000	0.000000	27.913128
	14575.000000	1.000000	24.624357
	14580.000000	0.000000	21.860566
	14585.000000	1.000000	23.233314
	14590.000000	1.000000	24.421676
	14595.000000	0.000000	28.579414
	14600.000000	1.000000	31.039675
	14605.000000	1.000000	34.568051
	14610.000000	1.000000	34.171326
	14615.000000	1.000000	39.916603
	14620.000000	0.000000	46.553298
	14625.000000	0.000000	49.911852
	14630.000000	0.000000	49.263438
	14635.000000	1.000000	44.964076
	14640.000000	0.000000	39.466524
	14645.000000	1.000000	39.349102
	14650.000000	1.000000	39.079114
	14655.000000	1.000000	40.887502
	14660.000000	1.000000	44.617473
	14665.000000	0.000000	48.646599
	14670.000000	1.000000	51.568120
	14675.000000	0.000000	52.166739
	14680.000000	0.000000	49.062946
	14685.000000	1.000000	49.045734
	14690.000000	0.000000	44.532807
	14695.000000	1.000000	44.485603
	14700.000000	0.000000	42.437609
	14705.000000	1.000000	45.019970
	14710.000000	0.000000	43.761070
	14715.000000	0.000000	41.861167
	14720.000000	0.000000	41.653367
	14725.000000	0.000000	37.639024
	14730.000000	0.000000	32.479732
	14735.000000	1.000000	31.263044
	14740.000000	0.000000	26.361726
	14745.000000	1.000000	28.139126
	14750.000000	0.000000	28.422421
	14755.000000	0.000000	32.399432
	14760.000000	0.000000	32.402129
	14765.000000	1.000000	28.252043
	14770.000000	1.000000	25.507900
	14775.000000	1.000000	26.380349
	14780.000000	1.000000	33.072796
	14785.000000	0.000000	36.397166
	14790.000000	0.000000	42.258716
	14795.000000	1.000000	43.174761
	14800.000000	1.000000	39.923019
	14805.000000	0.000000	40.043679
	14810.000000	1.000000	42.338699
	14815.000000	0.000000	42.467110
	14820.000000	1.000000	42.842863
	14825.000000	0.000000	43.260653
	14830.000000	0.000000	45.722685
	14835.000000	0.000000	42.748078
	14840.000000	0.000000	38.797328
	14845.000000	1.000000	35.549174
	14850.000000	0.000000	29.717935
	14855.000000	1.000000	30.611229
	14860.000000	1.000000	31.244102
	14865.000000	0.000000	32.260020
	14870.000000	0.000000	37.400822
	14875.000000	1.000000	38.323903
	14880.000000	0.000000	35.338746
	14885.000000	1.000000	36.159485
	14890.000000	0.000000	36.269907
	14895.000000	0.000000	37.493410
	14900.000000	1.000000	37.149780
	14905.000000	1.000000	33.440632
	14910.000000	0.000000	33.992498
	14915.000000	1.000000	40.226745
	14920.000000	0.000000	37.798045
	14925.000000	0.000000	41.846306
	14930.000000	1.000000	38.282439
	14935.000000	1.000000	36.129591
	14940.000000	1.000000	37.626946
	14945.000000	0.000000	39.966919
	14950.000000	1.000000	44.506232
	14955.000000	1.000000	45.296334
	14960.000000	0.000000	46.522794
	14965.000000	1.000000	47.930163
	14970.000000	0.000000	47.911196
	14975.000000	1.000000	49.621993
	14980.000000	1.000000	47.474789
	14985.000000	1.000000	46.629028
	14990.000000	0.000000	49.381893
	14995.000000	1.000000	53.903370
