	0.000000	0.000000	0.067580
	1.000000	0.000000	-0.032754
	2.000000	0.000000	-0.008711
	3.000000	0.000000	-0.042544
	4.000000	0.000000	-0.059236
	5.000000	0.000000	0.060324
	6.000000	0.000000	-0.012917
	7.000000	0.000000	-0.021421
	8.000000	0.000000	0.038939
	9.000000	0.000000	0.111195
	10.000000	0.000000	-0.035899
	11.000000	0.000000	-0.027925
	12.000000	1.000000	0.011086
	13.000000	1.000000	0.076328
	14.000000	1.000000	-0.070676
	15.000000	1.000000	-0.092979
	16.000000	1.000000	-0.000374
	17.000000	1.000000	-0.014827
	18.000000	0.000000	0.008686
	19.000000	0.000000	-0.034138
	20.000000	1.000000	0.072424
	21.000000	1.000000	0.068496
	22.000000	1.000000	0.009519
	23.000000	0.000000	0.043896
	24.000000	0.000000	0.006316
	25.000000	0.000000	-0.049224
	26.000000	0.000000	-0.045328
	27.000000	0.000000	0.008798
	28.000000	1.000000	-0.070750
	29.000000	1.000000	0.023061
	30.000000	0.000000	0.079311
	31.000000	0.000000	0.213371
	32.000000	1.000000	0.280615
	33.000000	1.000000	0.359945
	34.000000	1.000000	0.441508
	35.000000	0.000000	0.406356
	36.000000	0.000000	0.534634
	37.000000	0.000000	0.493755
	38.000000	0.000000	0.718543
	39.000000	1.000000	0.834870
	40.000000	1.000000	0.819042
	41.000000	1.000000	0.905180
	42.000000	0.000000	0.969293
	43.000000	0.000000	0.995608
	44.000000	1.000000	0.962699
	45.000000	0.000000	1.049226
	46.000000	1.000000	1.063537
	47.000000	1.000000	1.158484
	48.000000	0.000000	1.206461
	49.000000	0.000000	1.236496
	50.000000	1.000000	1.230301
	51.000000	1.000000	1.379437
	52.000000	1.000000	1.356286
	53.000000	1.000000	1.513798
	54.000000	0.000000	1.369802
	55.000000	1.000000	1.363381
	56.000000	1.000000	1.449870
	57.000000	1.000000	1.558365
	58.000000	1.000000	1.656506
	59.000000	0.000000	1.649945
	60.000000	0.000000	1.675390
	61.000000	0.000000	1.675126
	62.000000	0.000000	1.796718
	63.000000	1.000000	1.844106
	64.000000	1.000000	1.794130
	65.000000	1.000000	1.857948
	66.000000	1.000000	1.935577
	67.000000	1.000000	1.981398
	68.000000	1.000000	1.987222
	69.000000	0.000000	2.079350
	70.000000	1.000000	2.104134
	71.000000	1.000000	2.208643
	72.000000	1.000000	2.287819
	73.000000	1.000000	2.283684
	74.000000	0.000000	2.359900
	75.000000	0.000000	2.370774
	76.000000	1.000000	2.568438
	77.000000	0.000000	2.508442
	78.000000	1.000000	2.485603
	79.000000	1.000000	2.526437
	80.000000	1.000000	2.550921
	81.000000	1.000000	2.675515
	82.000000	0.000000	2.620914
	83.000000	1.000000	2.710017
	84.000000	1.000000	2.793657
	85.000000	1.000000	2.835485
	86.000000	1.000000	2.830488
	87.000000	0.000000	2.981834
	88.000000	1.000000	2.968818
	89.000000	0.000000	3.122558
	90.000000	0.000000	3.145062
	91.000000	1.000000	3.122484
	92.000000	1.000000	3.154107
	93.000000	1.000000	3.213319
	94.000000	0.000000	3.161155
	95.000000	1.000000	3.174118
	96.000000	0.000000	3.281450
	97.000000	0.000000	3.372959
	98.000000	1.000000	3.449674
	99.000000	0.000000	3.382756
	100.000000	1.000000	3.480600
	101.000000	1.000000	3.485418
	102.000000	0.000000	3.547654
	103.000000	0.000000	3.580188
	104.000000	0.000000	3.564182
	105.000000	0.000000	3.636126
	106.000000	0.000000	3.625088
	107.000000	1.000000	3.677702
	108.000000	0.000000	3.688443
	109.000000	1.000000	3.693391
	110.000000	0.000000	3.644730
	111.000000	0.000000	3.723578
	112.000000	1.000000	3.765249
	113.000000	1.000000	3.799465
	114.000000	1.000000	3.742538
	115.000000	1.000000	3.759400
	116.000000	1.000000	3.655302
	117.000000	0.000000	3.790019
	118.000000	1.000000	3.779205
	119.000000	1.000000	3.749671
	120.000000	0.000000	3.790704
	121.000000	0.000000	3.690390
	122.000000	1.000000	3.723747
	123.000000	1.000000	3.687821
	124.000000	1.000000	3.681675
	125.000000	0.000000	3.622017
	126.000000	0.000000	3.632998
	127.000000	0.000000	3.611281
	128.000000	1.000000	3.506574
	129.000000	1.000000	3.446378
	130.000000	1.000000	3.584901
	131.000000	1.000000	3.494797
	132.000000	0.000000	3.610630
	133.000000	0.000000	3.523050
	134.000000	0.000000	3.481026
	135.000000	0.000000	3.608153
	136.000000	0.000000	3.712018
	137.000000	1.000000	3.688145
	138.000000	0.000000	3.638701
	139.000000	1.000000	3.574437
	140.000000	1.000000	3.637425
	141.000000	1.000000	3.786662
	142.000000	1.000000	3.777662
	143.000000	1.000000	3.725893
	144.000000	1.000000	3.745883
	145.000000	1.000000	3.648220
	146.000000	0.000000	3.569710
	147.000000	1.000000	3.787319
	148.000000	0.000000	3.794728
	149.000000	0.000000	3.822154
	150.000000	0.000000	3.765835
	151.000000	1.000000	3.744844
	152.000000	0.000000	3.640587
	153.000000	1.000000	3.635005
	154.000000	1.000000	3.730151
	155.000000	0.000000	3.581715
	156.000000	1.000000	3.653552
	157.000000	1.000000	3.598719
	158.000000	0.000000	3.575450
	159.000000	0.000000	3.694435
	160.000000	0.000000	3.706191
	161.000000	0.000000	3.862006
	162.000000	0.000000	3.801746
	163.000000	1.000000	3.787491
	164.000000	1.000000	3.859347
	165.000000	0.000000	3.778185
	166.000000	0.000000	3.851484
	167.000000	0.000000	3.907708
	168.000000	1.000000	3.704974
	169.000000	1.000000	3.831712
	170.000000	0.000000	3.736837
	171.000000	0.000000	3.884988
	172.000000	0.000000	3.815568
	173.000000	1.000000	3.884311
	174.000000	1.000000	3.780460
	175.000000	0.000000	3.814620
	176.000000	1.000000	3.787646
	177.000000	0.000000	3.817445
	178.000000	1.000000	3.733843
	179.000000	1.000000	3.765883
	180.000000	0.000000	3.676195
	181.000000	1.000000	3.633084
	182.000000	1.000000	3.670596
	183.000000	1.000000	3.528346
	184.000000	0.000000	3.686766
	185.000000	0.000000	3.583371
	186.000000	1.000000	3.592719
	187.000000	0.000000	3.556767
	188.000000	1.000000	3.524022
	189.000000	0.000000	3.456563
	190.000000	0.000000	3.565259
	191.000000	1.000000	3.449401
	192.000000	1.000000	3.528935
	193.000000	1.000000	3.601213
	194.000000	1.000000	3.389361
	195.000000	0.000000	3.455590
	196.000000	0.000000	3.489609
	197.000000	1.000000	3.525411
	198.000000	1.000000	3.457514
	199.000000	0.000000	3.472312
	200.000000	0.000000	3.559264
	201.000000	0.000000	3.559449
	202.000000	1.000000	3.522464
	203.000000	0.000000	3.570445
	204.000000	0.000000	3.704026
	205.000000	0.000000	3.537698
	206.000000	1.000000	3.478674
	207.000000	1.000000	3.551839
	208.000000	1.000000	3.559044
	209.000000	1.000000	3.466471
	210.000000	1.000000	3.596524
	211.000000	1.000000	3.716054
	212.000000	0.000000	3.533604
	213.000000	1.000000	3.630514
	214.000000	0.000000	3.590534
	215.000000	1.000000	3.734793
	216.000000	1.000000	3.703836
	217.000000	0.000000	3.703680
	218.000000	0.000000	3.482289
	219.000000	1.000000	3.663576
	220.000000	1.000000	3.593401
	221.000000	1.000000	3.552399
	222.000000	0.000000	3.540033
	223.000000	1.000000	3.482099
	224.000000	1.000000	3.483352
	225.000000	1.000000	3.544890
	226.000000	1.000000	3.593231
	227.000000	1.000000	3.612884
	228.000000	1.000000	3.686190
	229.000000	1.000000	3.652867
	230.000000	1.000000	3.526046
	231.000000	1.000000	3.665435
	232.000000	1.000000	3.667806
	233.000000	0.000000	3.766353
	234.000000	0.000000	3.726725
	235.000000	1.000000	3.846744
	236.000000	1.000000	3.722563
	237.000000	1.000000	3.806501
	238.000000	1.000000	3.779748
	239.000000	0.000000	3.734430
	240.000000	0.000000	3.782354
	241.000000	0.000000	3.817524
	242.000000	0.000000	3.897145
	243.000000	1.000000	4.008963
	244.000000	0.000000	4.083891
	245.000000	0.000000	3.871972
	246.000000	1.000000	4.086349
	247.000000	1.000000	4.117301
	248.000000	1.000000	4.189300
	249.000000	0.000000	4.196244
	250.000000	0.000000	4.152685
	251.000000	0.000000	4.232195
	252.000000	0.000000	4.261702
	253.000000	0.000000	4.177888
	254.000000	0.000000	4.292008
	255.000000	1.000000	4.457901
	256.000000	0.000000	4.317272
	257.000000	0.000000	4.332267
	258.000000	1.000000	4.260392
	259.000000	1.000000	4.304169
	260.000000	0.000000	4.305490
	261.000000	0.000000	4.176473
	262.000000	1.000000	4.104106
	263.000000	0.000000	4.248249
	264.000000	0.000000	4.136569
	265.000000	0.000000	4.088365
	266.000000	1.000000	4.239687
	267.000000	1.000000	4.202400
	268.000000	0.000000	4.140590
	269.000000	0.000000	4.147850
	270.000000	0.000000	4.084049
	271.000000	0.000000	4.034684
	272.000000	0.000000	3.940777
	273.000000	1.000000	3.833279
	274.000000	1.000000	3.915958
	275.000000	0.000000	3.720138
	276.000000	1.000000	3.805866
	277.000000	0.000000	3.762359
	278.000000	1.000000	3.738935
	279.000000	1.000000	3.757311
	280.000000	0.000000	3.638377
	281.000000	0.000000	3.661360
	282.000000	1.000000	3.627835
	283.000000	1.000000	3.723424
	284.000000	0.000000	3.524924
	285.000000	0.000000	3.611950
	286.000000	1.000000	3.451316
	287.000000	1.000000	3.500112
	288.000000	1.000000	3.407417
	289.000000	1.000000	3.330682
	290.000000	0.000000	3.417837
	291.000000	1.000000	3.483454
	292.000000	0.000000	3.277190
	293.000000	1.000000	3.473574
	294.000000	1.000000	3.289085
	295.000000	0.000000	3.375899
	296.000000	0.000000	3.299752
	297.000000	0.000000	3.358107
	298.000000	1.000000	3.346153
	299.000000	1.000000	3.298531
	300.000000	0.000000	3.408210
	301.000000	1.000000	3.355872
	302.000000	1.000000	3.354625
	303.000000	0.000000	3.396295
	304.000000	1.000000	3.429730
	305.000000	0.000000	3.431437
	306.000000	1.000000	3.325085
	307.000000	1.000000	3.337321
	308.000000	0.000000	3.422875
	309.000000	1.000000	3.554053
	310.000000	1.000000	3.479582
	311.000000	0.000000	3.526283
	312.000000	0.000000	3.586899
	313.000000	0.000000	3.619838
	314.000000	1.000000	3.448772
	315.000000	0.000000	3.489591
	316.000000	1.000000	3.535393
	317.000000	1.000000	3.572372
	318.000000	0.000000	3.509759
	319.000000	0.000000	3.472706
	320.000000	1.000000	3.553612
	321.000000	1.000000	3.618338
	322.000000	0.000000	3.616147
	323.000000	0.000000	3.614658
	324.000000	0.000000	3.633876
	325.000000	1.000000	3.569316
	326.000000	1.000000	3.570687
	327.000000	1.000000	3.643184
	328.000000	0.000000	3.646516
	329.000000	1.000000	3.603732
	330.000000	1.000000	3.739117
	331.000000	1.000000	3.504955
	332.000000	0.000000	3.728978
	333.000000	0.000000	3.592452
	334.000000	0.000000	3.565962
	335.000000	1.000000	3.613919
	336.000000	1.000000	3.629884
	337.000000	1.000000	3.643110
	338.000000	0.000000	3.641098
	339.000000	1.000000	3.651590
	340.000000	0.000000	3.589567
	341.000000	0.000000	3.641113
	342.000000	0.000000	3.500075
	343.000000	0.000000	3.577581
	344.000000	0.000000	3.639918
	345.000000	1.000000	3.550412
	346.000000	0.000000	3.637888
	347.000000	0.000000	3.728360
	348.000000	1.000000	3.626945
	349.000000	0.000000	3.779362
	350.000000	0.000000	3.673452
	351.000000	1.000000	3.684884
	352.000000	1.000000	3.542843
	353.000000	0.000000	3.615350
	354.000000	0.000000	3.753335
	355.000000	1.000000	3.647694
	356.000000	1.000000	3.813235
	357.000000	1.000000	3.757102
	358.000000	0.000000	3.635096
	359.000000	1.000000	3.614521
	360.000000	1.000000	3.662438
	361.000000	0.000000	3.535214
	362.000000	1.000000	3.651621
	363.000000	1.000000	3.472167
	364.000000	1.000000	3.524173
	365.000000	1.000000	3.416289
	366.000000	1.000000	3.477201
	367.000000	0.000000	3.338818
	368.000000	1.000000	3.425640
	369.000000	1.000000	3.354790
	370.000000	0.000000	3.310896
	371.000000	1.000000	3.419189
	372.000000	0.000000	3.383987
	373.000000	1.000000	3.337818
	374.000000	1.000000	3.337514
	375.000000	0.000000	3.389624
	376.000000	0.000000	3.432195
	377.000000	1.000000	3.442018
	378.000000	0.000000	3.452584
	379.000000	0.000000	3.586920
	380.000000	0.000000	3.563913
	381.000000	1.000000	3.543111
	382.000000	1.000000	3.600167
	383.000000	1.000000	3.698533
	384.000000	0.000000	3.656249
	385.000000	0.000000	3.722593
	386.000000	0.000000	3.656210
	387.000000	0.000000	3.777105
	388.000000	1.000000	3.767916
	389.000000	0.000000	3.877364
	390.000000	0.000000	3.849289
	391.000000	0.000000	3.745712
	392.000000	0.000000	3.766445
	393.000000	1.000000	3.875927
	394.000000	0.000000	3.851291
	395.000000	0.000000	3.890108
	396.000000	0.000000	3.798705
	397.000000	1.000000	3.746642
	398.000000	1.000000	3.898958
	399.000000	1.000000	3.880487
	400.000000	0.000000	3.791948
	401.000000	0.000000	3.746564
	402.000000	1.000000	3.677720
	403.000000	0.000000	3.785808
	404.000000	1.000000	3.672436
	405.000000	0.000000	3.731287
	406.000000	0.000000	3.564468
	407.000000	0.000000	3.563187
	408.000000	1.000000	3.540822
	409.000000	1.000000	3.572861
	410.000000	1.000000	3.440319
	411.000000	0.000000	3.444666
	412.000000	0.000000	3.434039
	413.000000	0.000000	3.419056
	414.000000	1.000000	3.352420
	415.000000	1.000000	3.403619
	416.000000	0.000000	3.331934
	417.000000	0.000000	3.342444
	418.000000	0.000000	3.345217
	419.000000	0.000000	3.395136
	420.000000	0.000000	3.284059
	421.000000	0.000000	3.292415
	422.000000	1.000000	3.360951
	423.000000	0.000000	3.351120
	424.000000	1.000000	3.270917
	425.000000	0.000000	3.186371
	426.000000	1.000000	3.199435
	427.000000	0.000000	3.353354
	428.000000	0.000000	3.284227
	429.000000	1.000000	3.217651
	430.000000	1.000000	3.259065
	431.000000	1.000000	3.262361
	432.000000	1.000000	3.318677
	433.000000	0.000000	3.219862
	434.000000	1.000000	3.235908
	435.000000	1.000000	3.198299
	436.000000	1.000000	3.298983
	437.000000	0.000000	3.187932
	438.000000	0.000000	3.089708
	439.000000	0.000000	3.017302
	440.000000	0.000000	3.080850
	441.000000	0.000000	3.061768
	442.000000	1.000000	3.016461
	443.000000	0.000000	2.981749
	444.000000	1.000000	2.998445
	445.000000	0.000000	2.930892
	446.000000	1.000000	2.934245
	447.000000	1.000000	3.062505
	448.000000	1.000000	3.070260
	449.000000	1.000000	3.077487
	450.000000	1.000000	3.053392
	451.000000	1.000000	3.038940
	452.000000	1.000000	3.218319
	453.000000	1.000000	3.217282
	454.000000	0.000000	3.195328
	455.000000	0.000000	3.297349
	456.000000	0.000000	3.127184
	457.000000	0.000000	3.148001
	458.000000	1.000000	3.137904
	459.000000	1.000000	3.109568
	460.000000	0.000000	3.047436
	461.000000	0.000000	3.115197
	462.000000	1.000000	3.187944
	463.000000	1.000000	3.124745
	464.000000	0.000000	3.288030
	465.000000	1.000000	3.175537
	466.000000	0.000000	3.250431
	467.000000	0.000000	3.281418
	468.000000	0.000000	3.286116
	469.000000	1.000000	3.420832
	470.000000	0.000000	3.389862
	471.000000	0.000000	3.618779
	472.000000	1.000000	3.420058
	473.000000	1.000000	3.459481
	474.000000	1.000000	3.521580
	475.000000	1.000000	3.432309
	476.000000	0.000000	3.508190
	477.000000	1.000000	3.426394
	478.000000	0.000000	3.457869
	479.000000	0.000000	3.619457
	480.000000	0.000000	3.366924
	481.000000	0.000000	3.568574
	482.000000	0.000000	3.544708
	483.000000	0.000000	3.608202
	484.000000	1.000000	3.481898
	485.000000	0.000000	3.406866
	486.000000	1.000000	3.363600
	487.000000	0.000000	3.539210
	488.000000	0.000000	3.343030
	489.000000	0.000000	3.431078
	490.000000	0.000000	3.398110
	491.000000	1.000000	3.426536
	492.000000	1.000000	3.537657
	493.000000	1.000000	3.485713
	494.000000	0.000000	3.446803
	495.000000	0.000000	3.609355
	496.000000	0.000000	3.478855
	497.000000	1.000000	3.434201
	498.000000	1.000000	3.418640
	499.000000	1.000000	3.491791
	500.000000	0.000000	3.368529
	501.000000	0.000000	3.296985
	502.000000	0.000000	3.335761
	503.000000	0.000000	3.395622
	504.000000	0.000000	3.352510
	505.000000	0.000000	3.122284
	506.000000	0.000000	3.182344
	507.000000	0.000000	3.168208
	508.000000	0.000000	3.081400
	509.000000	1.000000	3.193032
	510.000000	1.000000	3.151931
	511.000000	0.000000	3.189485
	512.000000	1.000000	3.212740
	513.000000	1.000000	3.128674
	514.000000	1.000000	3.208310
	515.000000	0.000000	3.109607
	516.000000	0.000000	3.070361
	517.000000	0.000000	3.118859
	518.000000	1.000000	3.178965
	519.000000	0.000000	3.146140
	520.000000	0.000000	3.115885
	521.000000	0.000000	3.054500
	522.000000	1.000000	2.965609
	523.000000	0.000000	3.021326
	524.000000	0.000000	2.878952
	525.000000	1.000000	2.899843
	526.000000	1.000000	2.923329
	527.000000	1.000000	2.876312
	528.000000	0.000000	2.872204
	529.000000	0.000000	2.856571
	530.000000	1.000000	2.788828
	531.000000	0.000000	2.911509
	532.000000	0.000000	2.875269
	533.000000	0.000000	2.922522
	534.000000	1.000000	2.884295
	535.000000	0.000000	3.023761
	536.000000	1.000000	2.855388
	537.000000	1.000000	2.876781
	538.000000	0.000000	2.902980
	539.000000	0.000000	2.795808
	540.000000	0.000000	2.853544
	541.000000	0.000000	2.832455
	542.000000	0.000000	2.925501
	543.000000	0.000000	2.828097
	544.000000	0.000000	2.760619
	545.000000	1.000000	2.799743
	546.000000	0.000000	2.877548
	547.000000	0.000000	2.911713
	548.000000	1.000000	2.890083
	549.000000	0.000000	2.884930
	550.000000	1.000000	2.831855
	551.000000	0.000000	2.804119
	552.000000	1.000000	2.978371
	553.000000	0.000000	2.803671
	554.000000	0.000000	2.847351
	555.000000	1.000000	2.817393
	556.000000	0.000000	2.869941
	557.000000	0.000000	2.824936
	558.000000	1.000000	2.802348
	559.000000	0.000000	2.783762
	560.000000	1.000000	2.769427
	561.000000	1.000000	2.867786
	562.000000	0.000000	2.714232
	563.000000	1.000000	2.687002
	564.000000	1.000000	2.690359
	565.000000	1.000000	2.700252
	566.000000	0.000000	2.714694
	567.000000	1.000000	2.617152
	568.000000	0.000000	2.567585
	569.000000	0.000000	2.724436
	570.000000	1.000000	2.672230
	571.000000	0.000000	2.680306
	572.000000	0.000000	2.658986
	573.000000	0.000000	2.693072
	574.000000	0.000000	2.578451
	575.000000	0.000000	2.567416
	576.000000	0.000000	2.646934
	577.000000	0.000000	2.684310
	578.000000	1.000000	2.693454
	579.000000	0.000000	2.698863
	580.000000	1.000000	2.723903
	581.000000	0.000000	2.731415
	582.000000	0.000000	2.896538
	583.000000	1.000000	2.791510
	584.000000	0.000000	2.840280
	585.000000	1.000000	2.819128
	586.000000	1.000000	2.994154
	587.000000	1.000000	2.969053
	588.000000	0.000000	2.975103
	589.000000	1.000000	2.915148
	590.000000	0.000000	2.938190
	591.000000	0.000000	2.861501
	592.000000	1.000000	2.931056
	593.000000	1.000000	2.745265
	594.000000	1.000000	2.717944
	595.000000	0.000000	2.732677
	596.000000	0.000000	2.672631
	597.000000	0.000000	2.807204
	598.000000	0.000000	2.578267
	599.000000	1.000000	2.751625
	600.000000	0.000000	2.639417
	601.000000	1.000000	2.754371
	602.000000	0.000000	2.700052
	603.000000	0.000000	2.765506
	604.000000	1.000000	2.774657
	605.000000	0.000000	2.776281
	606.000000	0.000000	2.717700
	607.000000	1.000000	2.831453
	608.000000	1.000000	2.792924
	609.000000	0.000000	2.822121
	610.000000	1.000000	2.828250
	611.000000	0.000000	2.938975
	612.000000	1.000000	2.886514
	613.000000	1.000000	2.869880
	614.000000	0.000000	2.861321
	615.000000	1.000000	2.804122
	616.000000	0.000000	2.885216
	617.000000	1.000000	2.901014
	618.000000	0.000000	2.904185
	619.000000	0.000000	3.026055
	620.000000	1.000000	2.931777
	621.000000	0.000000	2.901776
	622.000000	0.000000	2.810667
	623.000000	0.000000	2.816741
	624.000000	1.000000	2.854569
	625.000000	1.000000	2.951435
	626.000000	1.000000	2.874316
	627.000000	0.000000	2.778954
	628.000000	1.000000	2.863572
	629.000000	0.000000	3.024923
	630.000000	0.000000	3.011182
	631.000000	1.000000	2.908834
	632.000000	0.000000	2.962679
	633.000000	0.000000	3.063907
	634.000000	1.000000	2.978213
	635.000000	0.000000	3.027268
	636.000000	0.000000	2.972918
	637.000000	0.000000	3.015403
	638.000000	0.000000	2.970503
	639.000000	1.000000	3.082983
	640.000000	1.000000	2.968162
	641.000000	1.000000	2.924017
	642.000000	1.000000	3.077560
	643.000000	0.000000	3.070902
	644.000000	1.000000	2.990474
	645.000000	1.000000	3.113353
	646.000000	1.000000	3.084413
	647.000000	1.000000	3.060578
	648.000000	1.000000	3.147175
	649.000000	0.000000	3.105482
	650.000000	0.000000	3.168754
	651.000000	0.000000	3.174848
	652.000000	1.000000	3.095902
	653.000000	1.000000	2.969072
	654.000000	0.000000	3.015552
	655.000000	1.000000	3.094601
	656.000000	0.000000	2.987939
	657.000000	1.000000	3.022664
	658.000000	0.000000	3.047780
	659.000000	0.000000	2.907780
	660.000000	1.000000	3.124086
	661.000000	1.000000	3.070234
	662.000000	1.000000	3.065023
	663.000000	0.000000	3.216764
	664.000000	1.000000	3.190942
	665.000000	1.000000	3.332675
	666.000000	1.000000	3.337455
	667.000000	1.000000	3.397542
	668.000000	0.000000	3.288926
	669.000000	1.000000	3.352656
	670.000000	1.000000	3.340936
	671.000000	1.000000	3.368876
	672.000000	1.000000	3.337985
	673.000000	1.000000	3.376395
	674.000000	1.000000	3.472877
	675.000000	0.000000	3.385898
	676.000000	0.000000	3.328660
	677.000000	1.000000	3.437052
	678.000000	1.000000	3.418949
	679.000000	0.000000	3.482215
	680.000000	0.000000	3.478902
	681.000000	0.000000	3.414798
	682.000000	0.000000	3.498916
	683.000000	0.000000	3.568478
	684.000000	0.000000	3.541845
	685.000000	0.000000	3.511133
	686.000000	1.000000	3.599751
	687.000000	1.000000	3.530378
	688.000000	0.000000	3.698773
	689.000000	1.000000	3.777277
	690.000000	0.000000	3.768276
	691.000000	1.000000	3.885479
	692.000000	0.000000	3.770950
	693.000000	0.000000	3.974407
	694.000000	0.000000	3.802256
	695.000000	1.000000	3.924634
	696.000000	1.000000	3.914214
	697.000000	0.000000	4.011823
	698.000000	1.000000	3.975969
	699.000000	1.000000	3.829035
	700.000000	0.000000	3.801885
	701.000000	1.000000	3.741884
	702.000000	1.000000	3.831154
	703.000000	1.000000	3.798903
	704.000000	1.000000	3.781712
	705.000000	0.000000	3.763712
	706.000000	1.000000	3.693500
	707.000000	1.000000	3.618819
	708.000000	1.000000	3.800875
	709.000000	0.000000	3.571714
	710.000000	1.000000	3.587401
	711.000000	1.000000	3.627608
	712.000000	0.000000	3.600441
	713.000000	0.000000	3.539926
	714.000000	1.000000	3.500363
	715.000000	0.000000	3.506618
	716.000000	0.000000	3.540162
	717.000000	1.000000	3.622102
	718.000000	0.000000	3.658630
	719.000000	0.000000	3.661167
	720.000000	1.000000	3.662444
	721.000000	0.000000	3.733563
	722.000000	0.000000	3.611965
	723.000000	1.000000	3.705227
	724.000000	1.000000	3.756976
	725.000000	1.000000	3.939351
	726.000000	1.000000	3.935823
	727.000000	1.000000	3.774909
	728.000000	1.000000	3.900782
	729.000000	1.000000	3.858368
	730.000000	0.000000	3.837017
	731.000000	0.000000	3.904032
	732.000000	0.000000	3.946046
	733.000000	1.000000	3.840143
	734.000000	0.000000	3.927859
	735.000000	1.000000	3.758795
	736.000000	0.000000	3.753017
	737.000000	0.000000	3.814722
	738.000000	1.000000	3.846027
	739.000000	0.000000	3.675500
	740.000000	1.000000	3.792614
	741.000000	0.000000	3.731427
	742.000000	1.000000	3.713577
	743.000000	0.000000	3.705377
	744.000000	1.000000	3.718492
	745.000000	0.000000	3.899763
	746.000000	0.000000	3.847068
	747.000000	0.000000	3.921056
	748.000000	1.000000	3.722314
	749.000000	0.000000	3.852770
	750.000000	0.000000	3.876470
	751.000000	0.000000	3.803680
	752.000000	1.000000	3.854917
	753.000000	0.000000	3.717388
	754.000000	1.000000	3.895348
	755.000000	0.000000	3.777599
	756.000000	1.000000	3.666419
	757.000000	1.000000	3.734431
	758.000000	0.000000	3.707754
	759.000000	0.000000	3.772602
	760.000000	0.000000	3.724176
	761.000000	1.000000	3.833389
	762.000000	1.000000	3.682904
	763.000000	1.000000	3.639207
	764.000000	1.000000	3.686845
	765.000000	1.000000	3.629679
	766.000000	0.000000	3.656938
	767.000000	1.000000	3.581201
	768.000000	0.000000	3.538951
	769.000000	0.000000	3.519836
	770.000000	1.000000	3.464984
	771.000000	1.000000	3.365276
	772.000000	1.000000	3.419380
	773.000000	1.000000	3.461167
	774.000000	1.000000	3.539416
	775.000000	0.000000	3.407604
	776.000000	0.000000	3.333790
	777.000000	1.000000	3.341527
	778.000000	0.000000	3.440564
	779.000000	0.000000	3.436041
	780.000000	1.000000	3.393518
	781.000000	1.000000	3.461943
	782.000000	0.000000	3.545868
	783.000000	0.000000	3.611094
	784.000000	1.000000	3.543062
	785.000000	0.000000	3.628492
	786.000000	1.000000	3.442312
	787.000000	0.000000	3.472509
	788.000000	1.000000	3.544154
	789.000000	1.000000	3.601346
	790.000000	0.000000	3.621201
	791.000000	0.000000	3.636879
	792.000000	1.000000	3.643599
	793.000000	0.000000	3.691864
	794.000000	1.000000	3.728574
	795.000000	1.000000	3.760539
	796.000000	1.000000	3.818965
	797.000000	1.000000	3.833905
	798.000000	1.000000	3.706423
	799.000000	0.000000	3.744814
	800.000000	1.000000	3.714648
	801.000000	1.000000	3.722602
	802.000000	1.000000	3.816686
	803.000000	0.000000	3.660081
	804.000000	0.000000	3.661426
	805.000000	1.000000	3.673665
	806.000000	1.000000	3.725867
	807.000000	0.000000	3.668586
	808.000000	1.000000	3.645538
	809.000000	0.000000	3.595489
	810.000000	1.000000	3.598806
	811.000000	1.000000	3.636761
	812.000000	0.000000	3.697407
	813.000000	0.000000	3.743202
	814.000000	0.000000	3.663020
	815.000000	1.000000	3.854049
	816.000000	0.000000	3.726963
	817.000000	0.000000	3.745702
	818.000000	1.000000	3.818252
	819.000000	1.000000	3.846409
	820.000000	0.000000	3.827899
	821.000000	1.000000	3.725086
	822.000000	1.000000	3.922366
	823.000000	1.000000	3.860275
	824.000000	0.000000	3.874136
	825.000000	0.000000	3.931700
	826.000000	1.000000	3.898665
	827.000000	0.000000	3.879478
	828.000000	0.000000	3.925991
	829.000000	0.000000	3.889394
	830.000000	0.000000	3.855833
	831.000000	1.000000	3.938527
	832.000000	1.000000	3.897398
	833.000000	1.000000	3.912237
	834.000000	0.000000	3.737501
	835.000000	0.000000	3.842622
	836.000000	1.000000	3.914147
	837.000000	1.000000	3.813187
	838.000000	1.000000	3.784810
	839.000000	1.000000	3.764578
	840.000000	0.000000	3.780804
	841.000000	0.000000	3.762259
	842.000000	1.000000	3.815812
	843.000000	0.000000	3.867267
	844.000000	1.000000	3.777801
	845.000000	0.000000	3.817202
	846.000000	0.000000	3.805031
	847.000000	1.000000	3.676431
	848.000000	0.000000	3.741429
	849.000000	1.000000	3.787670
	850.000000	1.000000	3.701276
	851.000000	0.000000	3.716306
	852.000000	0.000000	3.732666
	853.000000	1.000000	3.730363
	854.000000	0.000000	3.749479
	855.000000	0.000000	3.732446
	856.000000	1.000000	3.849537
	857.000000	0.000000	3.732530
	858.000000	1.000000	3.806960
	859.000000	1.000000	3.729891
	860.000000	0.000000	3.720216
	861.000000	0.000000	3.666848
	862.000000	1.000000	3.729988
	863.000000	1.000000	3.774653
	864.000000	0.000000	3.595190
	865.000000	1.000000	3.752837
	866.000000	0.000000	3.720347
	867.000000	1.000000	3.631576
	868.000000	1.000000	3.671652
	869.000000	1.000000	3.642971
	870.000000	0.000000	3.671226
	871.000000	0.000000	3.631878
	872.000000	1.000000	3.679177
	873.000000	0.000000	3.650792
	874.000000	0.000000	3.616401
	875.000000	0.000000	3.611576
	876.000000	1.000000	3.595454
	877.000000	1.000000	3.602877
	878.000000	1.000000	3.600997
	879.000000	1.000000	3.549374
	880.000000	0.000000	3.521922
	881.000000	0.000000	3.582062
	882.000000	0.000000	3.606585
	883.000000	1.000000	3.606078
	884.000000	0.000000	3.534136
	885.000000	1.000000	3.646090
	886.000000	0.000000	3.630222
	887.000000	1.000000	3.525660
	888.000000	1.000000	3.679369
	889.000000	0.000000	3.637481
	890.000000	1.000000	3.649599
	891.000000	0.000000	3.572135
	892.000000	1.000000	3.565774
	893.000000	1.000000	3.650359
	894.000000	1.000000	3.651022
	895.000000	1.000000	3.624133
	896.000000	0.000000	3.586071
	897.000000	0.000000	3.560464
	898.000000	0.000000	3.578731
	899.000000	0.000000	3.710736
	900.000000	0.000000	3.563709
	901.000000	0.000000	3.569236
	902.000000	1.000000	3.610101
	903.000000	1.000000	3.540746
	904.000000	1.000000	3.595565
	905.000000	1.000000	3.569781
	906.000000	1.000000	3.544238
	907.000000	0.000000	3.503134
	908.000000	0.000000	3.629060
	909.000000	0.000000	3.624373
	910.000000	1.000000	3.543378
	911.000000	1.000000	3.689765
	912.000000	1.000000	3.619091
	913.000000	1.000000	3.648579
	914.000000	0.000000	3.684088
	915.000000	1.000000	3.659794
	916.000000	0.000000	3.676807
	917.000000	0.000000	3.543576
	918.000000	0.000000	3.512230
	919.000000	1.000000	3.469387
	920.000000	0.000000	3.466869
	921.000000	0.000000	3.527312
	922.000000	1.000000	3.628782
	923.000000	0.000000	3.650142
	924.000000	1.000000	3.612728
	925.000000	1.000000	3.589502
	926.000000	0.000000	3.558814
	927.000000	1.000000	3.580537
	928.000000	0.000000	3.561321
	929.000000	1.000000	3.542235
	930.000000	0.000000	3.663650
	931.000000	1.000000	3.641128
	932.000000	0.000000	3.625417
	933.000000	0.000000	3.632337
	934.000000	0.000000	3.587217
	935.000000	0.000000	3.658325
	936.000000	1.000000	3.681773
	937.000000	0.000000	3.624185
	938.000000	0.000000	3.506127
	939.000000	1.000000	3.719550
	940.000000	0.000000	3.601932
	941.000000	0.000000	3.579610
	942.000000	1.000000	3.543125
	943.000000	0.000000	3.640526
	944.000000	0.000000	3.662223
	945.000000	0.000000	3.611968
	946.000000	1.000000	3.608527
	947.000000	1.000000	3.615876
	948.000000	1.000000	3.609017
	949.000000	1.000000	3.547005
	950.000000	1.000000	3.518452
	951.000000	0.000000	3.525210
	952.000000	0.000000	3.568160
	953.000000	1.000000	3.370663
	954.000000	0.000000	3.471901
	955.000000	1.000000	3.447882
	956.000000	1.000000	3.503098
	957.000000	1.000000	3.459989
	958.000000	0.000000	3.465394
	959.000000	0.000000	3.365235
	960.000000	1.000000	3.385047
	961.000000	1.000000	3.279715
	962.000000	1.000000	3.203589
	963.000000	1.000000	3.260044
	964.000000	1.000000	3.191882
	965.000000	1.000000	3.144595
	966.000000	1.000000	3.340407
	967.000000	0.000000	3.328749
	968.000000	1.000000	3.178554
	969.000000	0.000000	3.257553
	970.000000	1.000000	3.343174
	971.000000	0.000000	3.280475
	972.000000	1.000000	3.393003
	973.000000	0.000000	3.310544
	974.000000	1.000000	3.350985
	975.000000	1.000000	3.445979
	976.000000	1.000000	3.349264
	977.000000	1.000000	3.395480
	978.000000	0.000000	3.349211
	979.000000	0.000000	3.564825
	980.000000	0.000000	3.559547
	981.000000	1.000000	3.657840
	982.000000	0.000000	3.599254
	983.000000	0.000000	3.626223
	984.000000	1.000000	3.704852
	985.000000	1.000000	3.802234
	986.000000	1.000000	3.664288
	987.000000	0.000000	3.781836
	988.000000	1.000000	3.608238
	989.000000	1.000000	3.794489
	990.000000	0.000000	3.688869
	991.000000	0.000000	3.853488
	992.000000	0.000000	3.915423
	993.000000	1.000000	3.886149
	994.000000	1.000000	3.851173
	995.000000	1.000000	3.933152
	996.000000	0.000000	3.966370
	997.000000	0.000000	3.936593
	998.000000	0.000000	3.972135
	999.000000	1.000000	3.743894
	1000.000000	0.000000	3.902665
	1001.000000	0.000000	3.785027
	1002.000000	0.000000	3.851193
	1003.000000	0.000000	3.873958
	1004.000000	0.000000	3.827385
	1005.000000	0.000000	3.930531
	1006.000000	1.000000	3.879610
	1007.000000	1.000000	3.947918
	1008.000000	1.000000	3.904156
	1009.000000	1.000000	3.797105
	1010.000000	0.000000	3.854289
	1011.000000	0.000000	3.901591
	1012.000000	0.000000	3.812762
	1013.000000	0.000000	3.849272
	1014.000000	1.000000	3.884537
	1015.000000	1.000000	3.766887
	1016.000000	0.000000	3.804217
	1017.000000	1.000000	3.871023
	1018.000000	1.000000	3.808890
	1019.000000	1.000000	3.742409
	1020.000000	0.000000	3.652382
	1021.000000	1.000000	3.646280
	1022.000000	0.000000	3.608668
	1023.000000	1.000000	3.637751
	1024.000000	0.000000	3.624713
	1025.000000	0.000000	3.474561
	1026.000000	0.000000	3.512322
	1027.000000	0.000000	3.534499
	1028.000000	0.000000	3.536932
	1029.000000	1.000000	3.556537
	1030.000000	1.000000	3.388215
	1031.000000	1.000000	3.479560
	1032.000000	0.000000	3.495587
	1033.000000	0.000000	3.362543
	1034.000000	0.000000	3.422652
	1035.000000	1.000000	3.562608
	1036.000000	0.000000	3.494580
	1037.000000	1.000000	3.449881
	1038.000000	0.000000	3.468350
	1039.000000	0.000000	3.514538
	1040.000000	0.000000	3.466775
	1041.000000	0.000000	3.501892
	1042.000000	1.000000	3.545672
	1043.000000	0.000000	3.493250
	1044.000000	1.000000	3.408254
	1045.000000	0.000000	3.472669
	1046.000000	0.000000	3.304940
	1047.000000	0.000000	3.420577
	1048.000000	1.000000	3.328184
	1049.000000	0.000000	3.419787
	1050.000000	1.000000	3.324400
	1051.000000	1.000000	3.406193
	1052.000000	0.000000	3.298545
	1053.000000	0.000000	3.415553
	1054.000000	1.000000	3.233769
	1055.000000	0.000000	3.319405
	1056.000000	0.000000	3.247545
	1057.000000	0.000000	3.251579
	1058.000000	0.000000	3.269143
	1059.000000	1.000000	3.243377
	1060.000000	1.000000	3.145024
	1061.000000	0.000000	3.167069
	1062.000000	0.000000	3.137585
	1063.000000	0.000000	3.216446
	1064.000000	1.000000	3.143116
	1065.000000	1.000000	3.146024
	1066.000000	1.000000	3.089311
	1067.000000	0.000000	3.048848
	1068.000000	0.000000	3.043261
	1069.000000	1.000000	3.006012
	1070.000000	1.000000	3.162217
	1071.000000	0.000000	3.069988
	1072.000000	0.000000	3.054872
	1073.000000	0.000000	2.970807
	1074.000000	0.000000	3.045134
	1075.000000	1.000000	2.991136
	1076.000000	0.000000	2.993238
	1077.000000	0.000000	2.960875
	1078.000000	1.000000	2.974111
	1079.000000	1.000000	3.014691
	1080.000000	0.000000	3.021243
	1081.000000	0.000000	2.843371
	1082.000000	0.000000	2.931995
	1083.000000	0.000000	2.941588
	1084.000000	0.000000	2.948640
	1085.000000	0.000000	2.937528
	1086.000000	1.000000	2.947593
	1087.000000	1.000000	3.094379
	1088.000000	1.000000	2.974757
	1089.000000	0.000000	2.904414
	1090.000000	1.000000	2.952263
	1091.000000	0.000000	3.007081
	1092.000000	0.000000	3.069313
	1093.000000	0.000000	2.956761
	1094.000000	1.000000	2.813278
	1095.000000	0.000000	2.871378
	1096.000000	1.000000	2.950007
	1097.000000	0.000000	2.936891
	1098.000000	0.000000	2.902222
	1099.000000	1.000000	2.865987
	1100.000000	1.000000	2.883732
	1101.000000	0.000000	2.941604
	1102.000000	0.000000	2.718691
	1103.000000	1.000000	2.680943
	1104.000000	0.000000	2.833610
	1105.000000	1.000000	2.837825
	1106.000000	1.000000	2.753935
	1107.000000	1.000000	2.853468
	1108.000000	1.000000	2.846293
	1109.000000	0.000000	2.815468
	1110.000000	0.000000	2.737235
	1111.000000	1.000000	2.802951
	1112.000000	1.000000	2.839438
	1113.000000	1.000000	2.826012
	1114.000000	0.000000	2.768735
	1115.000000	1.000000	2.792167
	1116.000000	1.000000	2.757779
	1117.000000	0.000000	2.879498
	1118.000000	0.000000	2.772022
	1119.000000	1.000000	2.812288
	1120.000000	1.000000	2.849167
	1121.000000	1.000000	2.841182
	1122.000000	1.000000	2.914433
	1123.000000	0.000000	2.897991
	1124.000000	0.000000	2.919995
	1125.000000	1.000000	2.867760
	1126.000000	1.000000	3.001901
	1127.000000	1.000000	3.054949
	1128.000000	0.000000	2.926213
	1129.000000	0.000000	3.136450
	1130.000000	1.000000	3.013586
	1131.000000	0.000000	3.106113
	1132.000000	0.000000	3.170687
	1133.000000	1.000000	3.184183
	1134.000000	1.000000	3.221021
	1135.000000	0.000000	3.185578
	1136.000000	1.000000	3.321906
	1137.000000	1.000000	3.237349
	1138.000000	0.000000	3.332139
	1139.000000	1.000000	3.421110
	1140.000000	0.000000	3.313837
	1141.000000	1.000000	3.430248
	1142.000000	0.000000	3.336370
	1143.000000	0.000000	3.439619
	1144.000000	1.000000	3.561898
	1145.000000	1.000000	3.532049
	1146.000000	0.000000	3.578272
	1147.000000	0.000000	3.579812
	1148.000000	1.000000	3.442391
	1149.000000	1.000000	3.439905
	1150.000000	1.000000	3.472212
	1151.000000	1.000000	3.439873
	1152.000000	1.000000	3.503703
	1153.000000	1.000000	3.468103
	1154.000000	0.000000	3.582217
	1155.000000	1.000000	3.458818
	1156.000000	1.000000	3.500009
	1157.000000	0.000000	3.583802
	1158.000000	1.000000	3.569605
	1159.000000	0.000000	3.542053
	1160.000000	0.000000	3.565659
	1161.000000	1.000000	3.543203
	1162.000000	0.000000	3.574697
	1163.000000	0.000000	3.503797
	1164.000000	1.000000	3.583629
	1165.000000	0.000000	3.586077
	1166.000000	1.000000	3.628892
	1167.000000	0.000000	3.601718
	1168.000000	0.000000	3.544101
	1169.000000	1.000000	3.794931
	1170.000000	1.000000	3.523629
	1171.000000	1.000000	3.784917
	1172.000000	0.000000	3.813397
	1173.000000	0.000000	3.739154
	1174.000000	0.000000	3.791570
	1175.000000	1.000000	3.786245
	1176.000000	1.000000	3.844312
	1177.000000	0.000000	3.787074
	1178.000000	1.000000	3.858850
	1179.000000	0.000000	3.804200
	1180.000000	0.000000	3.923843
	1181.000000	0.000000	3.736800
	1182.000000	0.000000	3.795955
	1183.000000	1.000000	3.860091
	1184.000000	1.000000	3.759266
	1185.000000	1.000000	3.756320
	1186.000000	1.000000	3.677397
	1187.000000	1.000000	3.651068
	1188.000000	0.000000	3.816121
	1189.000000	1.000000	3.666534
	1190.000000	1.000000	3.760914
	1191.000000	1.000000	3.805492
	1192.000000	1.000000	3.684425
	1193.000000	1.000000	3.779770
	1194.000000	1.000000	3.639200
	1195.000000	1.000000	3.612487
	1196.000000	0.000000	3.629524
	1197.000000	1.000000	3.677232
	1198.000000	1.000000	3.495345
	1199.000000	0.000000	3.668817
	1200.000000	0.000000	3.645401
	1201.000000	1.000000	3.671610
	1202.000000	0.000000	3.567459
	1203.000000	1.000000	3.685639
	1204.000000	0.000000	3.716098
	1205.000000	0.000000	3.601781
	1206.000000	0.000000	3.684749
	1207.000000	1.000000	3.753563
	1208.000000	0.000000	3.691821
	1209.000000	1.000000	3.729642
	1210.000000	0.000000	3.783596
	1211.000000	0.000000	3.876484
	1212.000000	0.000000	3.891203
	1213.000000	1.000000	3.907774
	1214.000000	0.000000	3.976796
	1215.000000	0.000000	4.013570
	1216.000000	1.000000	3.894428
	1217.000000	0.000000	3.950692
	1218.000000	0.000000	3.999884
	1219.000000	1.000000	3.975479
	1220.000000	0.000000	4.080740
	1221.000000	1.000000	4.073871
	1222.000000	0.000000	3.938317
	1223.000000	1.000000	3.967337
	1224.000000	1.000000	3.854755
	1225.000000	1.000000	3.898846
	1226.000000	1.000000	3.868042
	1227.000000	0.000000	3.888933
	1228.000000	0.000000	3.908724
	1229.000000	1.000000	3.719821
	1230.000000	1.000000	3.823456
	1231.000000	0.000000	3.838155
	1232.000000	0.000000	3.707982
	1233.000000	1.000000	3.784473
	1234.000000	1.000000	3.696583
	1235.000000	0.000000	3.697541
	1236.000000	0.000000	3.674931
	1237.000000	0.000000	3.588561
	1238.000000	1.000000	3.626519
	1239.000000	0.000000	3.529206
	1240.000000	1.000000	3.556263
	1241.000000	0.000000	3.562296
	1242.000000	1.000000	3.683196
	1243.000000	1.000000	3.613256
	1244.000000	1.000000	3.601267
	1245.000000	1.000000	3.527504
	1246.000000	0.000000	3.598646
	1247.000000	1.000000	3.623968
	1248.000000	1.000000	3.617022
	1249.000000	1.000000	3.606908
	1250.000000	0.000000	3.636087
	1251.000000	0.000000	3.683174
	1252.000000	1.000000	3.545376
	1253.000000	0.000000	3.596690
	1254.000000	0.000000	3.527774
	1255.000000	1.000000	3.555465
	1256.000000	0.000000	3.630393
	1257.000000	1.000000	3.549423
	1258.000000	1.000000	3.600142
	1259.000000	1.000000	3.571994
	1260.000000	0.000000	3.655772
	1261.000000	1.000000	3.640630
	1262.000000	1.000000	3.633204
	1263.000000	0.000000	3.571287
	1264.000000	1.000000	3.721879
	1265.000000	1.000000	3.688983
	1266.000000	1.000000	3.604413
	1267.000000	0.000000	3.782025
	1268.000000	1.000000	3.689230
	1269.000000	0.000000	3.687445
	1270.000000	1.000000	3.693507
	1271.000000	1.000000	3.742338
	1272.000000	0.000000	3.710813
	1273.000000	0.000000	3.634837
	1274.000000	0.000000	3.734142
	1275.000000	0.000000	3.755837
	1276.000000	1.000000	3.712531
	1277.000000	0.000000	3.650882
	1278.000000	1.000000	3.849107
	1279.000000	1.000000	3.808396
	1280.000000	0.000000	3.738836
	1281.000000	0.000000	3.875828
	1282.000000	0.000000	3.933411
	1283.000000	0.000000	3.835045
	1284.000000	1.000000	3.911437
	1285.000000	0.000000	3.932595
	1286.000000	0.000000	3.877747
	1287.000000	1.000000	4.012588
	1288.000000	0.000000	4.071470
	1289.000000	0.000000	3.879940
	1290.000000	0.000000	3.864464
	1291.000000	0.000000	3.785295
	1292.000000	0.000000	3.811881
	1293.000000	0.000000	3.874411
	1294.000000	1.000000	3.917261
	1295.000000	1.000000	3.857427
	1296.000000	0.000000	3.917864
	1297.000000	1.000000	3.808810
	1298.000000	0.000000	3.830950
	1299.000000	0.000000	3.739329
	1300.000000	0.000000	3.809414
	1301.000000	0.000000	3.590739
	1302.000000	0.000000	3.647166
	1303.000000	1.000000	3.505592
	1304.000000	1.000000	3.654718
	1305.000000	1.000000	3.597553
	1306.000000	1.000000	3.479667
	1307.000000	0.000000	3.497106
	1308.000000	0.000000	3.424928
	1309.000000	1.000000	3.257979
	1310.000000	0.000000	3.295516
	1311.000000	1.000000	3.322707
	1312.000000	1.000000	3.398581
	1313.000000	0.000000	3.333044
	1314.000000	1.000000	3.209910
	1315.000000	0.000000	3.236346
	1316.000000	1.000000	3.200185
	1317.000000	1.000000	3.237546
	1318.000000	1.000000	3.167039
	1319.000000	0.000000	3.143750
	1320.000000	0.000000	3.066160
	1321.000000	0.000000	3.079125
	1322.000000	0.000000	3.099254
	1323.000000	0.000000	3.110184
	1324.000000	0.000000	3.066132
	1325.000000	1.000000	3.165362
	1326.000000	1.000000	3.069031
	1327.000000	0.000000	3.026175
	1328.000000	1.000000	3.071838
	1329.000000	1.000000	3.240135
	1330.000000	0.000000	3.325893
	1331.000000	0.000000	3.173423
	1332.000000	0.000000	3.328541
	1333.000000	0.000000	3.213250
	1334.000000	1.000000	3.215858
	1335.000000	0.000000	3.262765
	1336.000000	1.000000	3.291329
	1337.000000	0.000000	3.284445
	1338.000000	0.000000	3.357645
	1339.000000	0.000000	3.215064
	1340.000000	0.000000	3.239543
	1341.000000	0.000000	3.271091
	1342.000000	1.000000	3.215603
	1343.000000	1.000000	3.232416
	1344.000000	0.000000	3.208296
	1345.000000	0.000000	3.197945
	1346.000000	0.000000	3.255694
	1347.000000	0.000000	3.251776
	1348.000000	1.000000	3.276427
	1349.000000	0.000000	3.191862
	1350.000000	0.000000	3.076070
	1351.000000	0.000000	3.141742
	1352.000000	1.000000	3.173324
	1353.000000	0.000000	3.143630
	1354.000000	0.000000	3.146848
	1355.000000	0.000000	3.083538
	1356.000000	0.000000	3.021077
	1357.000000	1.000000	3.054368
	1358.000000	0.000000	3.007668
	1359.000000	0.000000	2.929750
	1360.000000	1.000000	3.051380
	1361.000000	1.000000	2.965382
	1362.000000	1.000000	2.905094
	1363.000000	1.000000	3.053932
	1364.000000	0.000000	2.893348
	1365.000000	0.000000	2.870879
	1366.000000	0.000000	2.873484
	1367.000000	0.000000	2.827673
	1368.000000	0.000000	2.845720
	1369.000000	0.000000	2.786462
	1370.000000	0.000000	2.782013
	1371.000000	1.000000	2.738826
	1372.000000	1.000000	2.640813
	1373.000000	1.000000	2.798870
	1374.000000	1.000000	2.626951
	1375.000000	0.000000	2.567347
	1376.000000	1.000000	2.658835
	1377.000000	0.000000	2.675618
	1378.000000	0.000000	2.645722
	1379.000000	1.000000	2.684016
	1380.000000	1.000000	2.745428
	1381.000000	0.000000	2.699315
	1382.000000	0.000000	2.688121
	1383.000000	1.000000	2.614858
	1384.000000	0.000000	2.696102
	1385.000000	0.000000	2.698411
	1386.000000	1.000000	2.597072
	1387.000000	1.000000	2.670656
	1388.000000	1.000000	2.614973
	1389.000000	0.000000	2.571245
	1390.000000	0.000000	2.762000
	1391.000000	0.000000	2.658834
	1392.000000	1.000000	2.740139
	1393.000000	0.000000	2.668455
	1394.000000	0.000000	2.741075
	1395.000000	1.000000	2.691130
	1396.000000	0.000000	2.808948
	1397.000000	0.000000	2.691859
	1398.000000	0.000000	2.812238
	1399.000000	1.000000	2.771928
	1400.000000	1.000000	2.852717
	1401.000000	0.000000	2.867215
	1402.000000	1.000000	2.851918
	1403.000000	1.000000	2.818687
	1404.000000	0.000000	2.825453
	1405.000000	0.000000	2.843795
	1406.000000	1.000000	2.863600
	1407.000000	1.000000	2.847761
	1408.000000	1.000000	2.936059
	1409.000000	0.000000	2.882669
	1410.000000	1.000000	2.747927
	1411.000000	0.000000	2.871890
	1412.000000	1.000000	2.819315
	1413.000000	1.000000	2.926694
	1414.000000	1.000000	2.827519
	1415.000000	1.000000	2.762768
	1416.000000	1.000000	2.797459
	1417.000000	0.000000	2.875205
	1418.000000	1.000000	2.802525
	1419.000000	0.000000	2.765368
	1420.000000	0.000000	3.000082
	1421.000000	0.000000	2.896028
	1422.000000	0.000000	2.909344
	1423.000000	1.000000	2.909517
	1424.000000	1.000000	2.984405
	1425.000000	1.000000	3.034465
	1426.000000	0.000000	2.945297
	1427.000000	1.000000	2.961613
	1428.000000	0.000000	2.914122
	1429.000000	1.000000	3.090619
	1430.000000	1.000000	3.091528
	1431.000000	1.000000	3.181901
	1432.000000	0.000000	3.189836
	1433.000000	1.000000	3.213599
	1434.000000	0.000000	3.353622
	1435.000000	1.000000	3.399588
	1436.000000	0.000000	3.302839
	1437.000000	0.000000	3.367364
	1438.000000	1.000000	3.361988
	1439.000000	0.000000	3.208644
	1440.000000	0.000000	3.412465
	1441.000000	1.000000	3.299520
	1442.000000	1.000000	3.322926
	1443.000000	1.000000	3.419365
	1444.000000	1.000000	3.403817
	1445.000000	0.000000	3.395294
	1446.000000	1.000000	3.331037
	1447.000000	1.000000	3.470123
	1448.000000	0.000000	3.501905
	1449.000000	0.000000	3.426851
	1450.000000	0.000000	3.470647
	1451.000000	0.000000	3.538047
	1452.000000	0.000000	3.522174
	1453.000000	0.000000	3.496314
	1454.000000	0.000000	3.471680
	1455.000000	0.000000	3.481789
	1456.000000	0.000000	3.640742
	1457.000000	0.000000	3.489134
	1458.000000	1.000000	3.473666
	1459.000000	0.000000	3.429394
	1460.000000	1.000000	3.606740
	1461.000000	1.000000	3.458608
	1462.000000	1.000000	3.420712
	1463.000000	1.000000	3.595858
	1464.000000	0.000000	3.571040
	1465.000000	1.000000	3.761472
	1466.000000	1.000000	3.627525
	1467.000000	0.000000	3.572156
	1468.000000	1.000000	3.594853
	1469.000000	0.000000	3.469315
	1470.000000	1.000000	3.506650
	1471.000000	0.000000	3.392457
	1472.000000	0.000000	3.460637
	1473.000000	0.000000	3.368225
	1474.000000	1.000000	3.315874
	1475.000000	0.000000	3.316818
	1476.000000	0.000000	3.321530
	1477.000000	1.000000	3.259524
	1478.000000	1.000000	3.304958
	1479.000000	0.000000	3.250197
	1480.000000	1.000000	3.213960
	1481.000000	0.000000	3.301137
	1482.000000	1.000000	3.320013
	1483.000000	0.000000	3.296071
	1484.000000	0.000000	3.353974
	1485.000000	1.000000	3.365316
	1486.000000	0.000000	3.399644
	1487.000000	1.000000	3.301425
	1488.000000	0.000000	3.486936
	1489.000000	1.000000	3.327129
	1490.000000	1.000000	3.340436
	1491.000000	1.000000	3.315494
	1492.000000	0.000000	3.360976
	1493.000000	0.000000	3.282264
	1494.000000	0.000000	3.282958
	1495.000000	1.000000	3.269350
	1496.000000	1.000000	3.335868
	1497.000000	0.000000	3.267606
	1498.000000	1.000000	3.328742
	1499.000000	1.000000	3.298620
	1500.000000	0.000000	3.214760
	1501.000000	0.000000	3.293207
	1502.000000	0.000000	3.309590
	1503.000000	1.000000	3.300025
	1504.000000	1.000000	3.348640
	1505.000000	0.000000	3.242593
	1506.000000	1.000000	3.264208
	1507.000000	0.000000	3.331472
	1508.000000	0.000000	3.337311
	1509.000000	1.000000	3.394848
	1510.000000	0.000000	3.255207
	1511.000000	1.000000	3.358269
	1512.000000	1.000000	3.365804
	1513.000000	1.000000	3.308937
	1514.000000	1.000000	3.323952
	1515.000000	0.000000	3.351497
	1516.000000	0.000000	3.474041
	1517.000000	0.000000	3.504592
	1518.000000	1.000000	3.323947
	1519.000000	1.000000	3.282129
	1520.000000	0.000000	3.345783
	1521.000000	1.000000	3.359344
	1522.000000	1.000000	3.360413
	1523.000000	1.000000	3.372990
	1524.000000	0.000000	3.357769
	1525.000000	0.000000	3.388648
	1526.000000	1.000000	3.453508
	1527.000000	1.000000	3.341201
	1528.000000	0.000000	3.325842
	1529.000000	0.000000	3.367109
	1530.000000	0.000000	3.387738
	1531.000000	1.000000	3.374835
	1532.000000	1.000000	3.452223
	1533.000000	0.000000	3.405157
	1534.000000	0.000000	3.409648
	1535.000000	1.000000	3.358618
	1536.000000	1.000000	3.458015
	1537.000000	1.000000	3.479075
	1538.000000	0.000000	3.507080
	1539.000000	1.000000	3.449394
	1540.000000	0.000000	3.515132
	1541.000000	0.000000	3.498369
	1542.000000	1.000000	3.588539
	1543.000000	1.000000	3.525337
	1544.000000	1.000000	3.531468
	1545.000000	1.000000	3.568896
	1546.000000	0.000000	3.630668
	1547.000000	0.000000	3.527433
	1548.000000	0.000000	3.393909
	1549.000000	1.000000	3.473183
	1550.000000	0.000000	3.529714
	1551.000000	0.000000	3.509326
	1552.000000	0.000000	3.513437
	1553.000000	1.000000	3.619501
	1554.000000	1.000000	3.605804
	1555.000000	0.000000	3.628622
	1556.000000	1.000000	3.566559
	1557.000000	1.000000	3.528381
	1558.000000	1.000000	3.548769
	1559.000000	0.000000	3.548769
	1560.000000	1.000000	3.692266
	1561.000000	1.000000	3.592651
	1562.000000	1.000000	3.697752
	1563.000000	0.000000	3.667215
	1564.000000	0.000000	3.645178
	1565.000000	0.000000	3.686291
	1566.000000	0.000000	3.633490
	1567.000000	1.000000	3.693838
	1568.000000	1.000000	3.477614
	1569.000000	0.000000	3.474067
	1570.000000	1.000000	3.506662
	1571.000000	0.000000	3.575542
	1572.000000	1.000000	3.500790
	1573.000000	0.000000	3.605172
	1574.000000	1.000000	3.544782
	1575.000000	0.000000	3.598537
	1576.000000	1.000000	3.617422
	1577.000000	1.000000	3.634517
	1578.000000	0.000000	3.611403
	1579.000000	1.000000	3.658495
	1580.000000	0.000000	3.688493
	1581.000000	0.000000	3.685088
	1582.000000	0.000000	3.605503
	1583.000000	1.000000	3.581609
	1584.000000	1.000000	3.672044
	1585.000000	0.000000	3.579500
	1586.000000	0.000000	3.649126
	1587.000000	1.000000	3.555082
	1588.000000	1.000000	3.741931
	1589.000000	1.000000	3.697552
	1590.000000	1.000000	3.588968
	1591.000000	1.000000	3.608513
	1592.000000	0.000000	3.589635
	1593.000000	0.000000	3.652565
	1594.000000	1.000000	3.704385
	1595.000000	1.000000	3.549151
	1596.000000	0.000000	3.667606
	1597.000000	1.000000	3.657997
	1598.000000	1.000000	3.618906
	1599.000000	0.000000	3.525680
	1600.000000	0.000000	3.683386
	1601.000000	0.000000	3.538674
	1602.000000	0.000000	3.522583
	1603.000000	0.000000	3.591254
	1604.000000	0.000000	3.531882
	1605.000000	1.000000	3.501096
	1606.000000	0.000000	3.642838
	1607.000000	0.000000	3.643208
	1608.000000	0.000000	3.591846
	1609.000000	1.000000	3.636006
	1610.000000	0.000000	3.659108
	1611.000000	0.000000	3.791003
	1612.000000	1.000000	3.708740
	1613.000000	0.000000	3.738252
	1614.000000	1.000000	3.785886
	1615.000000	0.000000	3.716147
	1616.000000	0.000000	3.790554
	1617.000000	1.000000	3.740538
	1618.000000	0.000000	3.741601
	1619.000000	1.000000	3.706411
	1620.000000	0.000000	3.732787
	1621.000000	0.000000	3.588281
	1622.000000	0.000000	3.688385
	1623.000000	1.000000	3.408953
	1624.000000	0.000000	3.567821
	1625.000000	0.000000	3.406503
	1626.000000	0.000000	3.443557
	1627.000000	0.000000	3.413948
	1628.000000	0.000000	3.510859
	1629.000000	1.000000	3.396509
	1630.000000	0.000000	3.326984
	1631.000000	1.000000	3.289488
	1632.000000	1.000000	3.246019
	1633.000000	1.000000	3.251943
	1634.000000	0.000000	3.248217
	1635.000000	1.000000	3.297210
	1636.000000	1.000000	3.320597
	1637.000000	1.000000	3.303302
	1638.000000	0.000000	3.106462
	1639.000000	1.000000	3.264543
	1640.000000	1.000000	3.158040
	1641.000000	0.000000	3.083785
	1642.000000	1.000000	3.164566
	1643.000000	1.000000	3.044945
	1644.000000	0.000000	3.026497
	1645.000000	0.000000	2.810759
	1646.000000	1.000000	3.007159
	1647.000000	0.000000	3.079813
	1648.000000	1.000000	3.071950
	1649.000000	1.000000	2.932389
	1650.000000	1.000000	2.974357
	1651.000000	0.000000	2.999503
	1652.000000	1.000000	2.931849
	1653.000000	0.000000	3.050240
	1654.000000	1.000000	3.055045
	1655.000000	1.000000	3.135737
	1656.000000	1.000000	3.202688
	1657.000000	1.000000	3.086497
	1658.000000	0.000000	3.084127
	1659.000000	0.000000	3.179698
	1660.000000	1.000000	3.273840
	1661.000000	0.000000	3.272097
	1662.000000	0.000000	3.321653
	1663.000000	0.000000	3.204455
	1664.000000	1.000000	3.275488
	1665.000000	1.000000	3.244949
	1666.000000	0.000000	3.339336
	1667.000000	1.000000	3.457009
	1668.000000	0.000000	3.315115
	1669.000000	0.000000	3.420596
	1670.000000	0.000000	3.453087
	1671.000000	1.000000	3.393243
	1672.000000	1.000000	3.552844
	1673.000000	1.000000	3.558941
	1674.000000	1.000000	3.552233
	1675.000000	1.000000	3.554200
	1676.000000	1.000000	3.531199
	1677.000000	1.000000	3.583826
	1678.000000	1.000000	3.559655
	1679.000000	0.000000	3.560591
	1680.000000	1.000000	3.536195
	1681.000000	1.000000	3.538499
	1682.000000	0.000000	3.586912
	1683.000000	1.000000	3.628086
	1684.000000	1.000000	3.559841
	1685.000000	0.000000	3.528248
	1686.000000	1.000000	3.458576
	1687.000000	0.000000	3.539185
	1688.000000	0.000000	3.479712
	1689.000000	1.000000	3.540514
	1690.000000	1.000000	3.512062
	1691.000000	1.000000	3.575214
	1692.000000	1.000000	3.597860
	1693.000000	0.000000	3.545380
	1694.000000	1.000000	3.658360
	1695.000000	0.000000	3.643176
	1696.000000	1.000000	3.679878
	1697.000000	0.000000	3.682114
	1698.000000	0.000000	3.759863
	1699.000000	0.000000	3.842456
	1700.000000	0.000000	3.835548
	1701.000000	1.000000	3.878384
	1702.000000	1.000000	3.800777
	1703.000000	1.000000	3.880224
	1704.000000	1.000000	3.917601
	1705.000000	0.000000	3.897909
	1706.000000	0.000000	3.903579
	1707.000000	1.000000	3.963214
	1708.000000	1.000000	4.066460
	1709.000000	1.000000	4.015052
	1710.000000	1.000000	3.980123
	1711.000000	0.000000	3.965677
	1712.000000	1.000000	3.990210
	1713.000000	0.000000	3.987240
	1714.000000	0.000000	3.950148
	1715.000000	1.000000	3.953963
	1716.000000	0.000000	3.966809
	1717.000000	0.000000	3.930020
	1718.000000	0.000000	3.904237
	1719.000000	1.000000	3.852864
	1720.000000	0.000000	3.919271
	1721.000000	0.000000	3.922556
	1722.000000	0.000000	3.980190
	1723.000000	1.000000	3.922440
	1724.000000	0.000000	3.872100
	1725.000000	0.000000	3.815511
	1726.000000	0.000000	3.977285
	1727.000000	1.000000	4.133239
	1728.000000	1.000000	3.996377
	1729.000000	0.000000	4.065239
	1730.000000	0.000000	3.979954
	1731.000000	1.000000	3.913814
	1732.000000	1.000000	3.961577
	1733.000000	0.000000	4.041629
	1734.000000	1.000000	3.840693
	1735.000000	1.000000	3.929402
	1736.000000	0.000000	3.826530
	1737.000000	0.000000	3.890345
	1738.000000	1.000000	3.823735
	1739.000000	0.000000	3.832028
	1740.000000	0.000000	3.764799
	1741.000000	0.000000	3.826197
	1742.000000	1.000000	3.704053
	1743.000000	0.000000	3.642844
	1744.000000	1.000000	3.622478
	1745.000000	0.000000	3.618888
	1746.000000	0.000000	3.555273
	1747.000000	0.000000	3.469274
	1748.000000	0.000000	3.501229
	1749.000000	0.000000	3.490541
	1750.000000	0.000000	3.608577
	1751.000000	1.000000	3.567693
	1752.000000	0.000000	3.596296
	1753.000000	0.000000	3.433792
	1754.000000	0.000000	3.555728
	1755.000000	0.000000	3.568406
	1756.000000	0.000000	3.608447
	1757.000000	0.000000	3.478669
	1758.000000	1.000000	3.546315
	1759.000000	0.000000	3.520861
	1760.000000	1.000000	3.391620
	1761.000000	1.000000	3.429895
	1762.000000	0.000000	3.374751
	1763.000000	0.000000	3.425395
	1764.000000	0.000000	3.344291
	1765.000000	1.000000	3.334538
	1766.000000	1.000000	3.255657
	1767.000000	0.000000	3.188704
	1768.000000	0.000000	3.252868
	1769.000000	1.000000	3.141877
	1770.000000	0.000000	3.097719
	1771.000000	1.000000	3.079919
	1772.000000	0.000000	3.142732
	1773.000000	1.000000	2.977322
	1774.000000	0.000000	2.954378
	1775.000000	0.000000	2.971870
	1776.000000	0.000000	2.877502
	1777.000000	1.000000	2.890798
	1778.000000	0.000000	2.873052
	1779.000000	1.000000	2.963842
	1780.000000	0.000000	2.781382
	1781.000000	1.000000	2.806662
	1782.000000	0.000000	2.755298
	1783.000000	1.000000	2.785450
	1784.000000	0.000000	2.781990
	1785.000000	0.000000	2.874905
	1786.000000	1.000000	2.779653
	1787.000000	1.000000	2.831846
	1788.000000	0.000000	2.823181
	1789.000000	0.000000	2.744454
	1790.000000	0.000000	2.872104
	1791.000000	1.000000	2.760622
	1792.000000	1.000000	2.868713
	1793.000000	1.000000	2.769332
	1794.000000	1.000000	2.746006
	1795.000000	1.000000	2.848756
	1796.000000	1.000000	2.807519
	1797.000000	1.000000	2.825891
	1798.000000	0.000000	2.877049
	1799.000000	0.000000	2.788018
	1800.000000	1.000000	2.848398
	1801.000000	1.000000	2.813486
	1802.000000	0.000000	2.798044
	1803.000000	1.000000	2.772033
	1804.000000	0.000000	2.882296
	1805.000000	0.000000	2.851795
	1806.000000	0.000000	2.816552
	1807.000000	0.000000	2.885994
	1808.000000	0.000000	2.933547
	1809.000000	0.000000	2.817744
	1810.000000	1.000000	2.872397
	1811.000000	1.000000	2.941590
	1812.000000	1.000000	2.982233
	1813.000000	0.000000	2.874106
	1814.000000	0.000000	3.027619
	1815.000000	0.000000	3.119506
	1816.000000	0.000000	3.109388
	1817.000000	0.000000	3.164772
	1818.000000	1.000000	3.184941
	1819.000000	0.000000	3.267096
	1820.000000	0.000000	3.193157
	1821.000000	0.000000	3.318810
	1822.000000	1.000000	3.324211
	1823.000000	1.000000	3.298517
	1824.000000	1.000000	3.261589
	1825.000000	1.000000	3.223064
	1826.000000	0.000000	3.154045
	1827.000000	1.000000	3.199742
	1828.000000	0.000000	3.277914
	1829.000000	1.000000	3.097068
	1830.000000	0.000000	3.145224
	1831.000000	1.000000	3.085459
	1832.000000	0.000000	3.049143
	1833.000000	0.000000	3.059118
	1834.000000	1.000000	3.050564
	1835.000000	1.000000	3.017143
	1836.000000	1.000000	3.055429
	1837.000000	0.000000	2.915899
	1838.000000	0.000000	2.993509
	1839.000000	1.000000	2.980932
	1840.000000	1.000000	2.956927
	1841.000000	1.000000	2.934225
	1842.000000	0.000000	2.963050
	1843.000000	1.000000	3.056775
	1844.000000	0.000000	3.028696
	1845.000000	1.000000	3.110248
	1846.000000	0.000000	3.031593
	1847.000000	1.000000	3.084310
	1848.000000	1.000000	3.081576
	1849.000000	1.000000	3.013836
	1850.000000	0.000000	3.159880
	1851.000000	1.000000	3.042330
	1852.000000	1.000000	3.128668
	1853.000000	0.000000	3.180422
	1854.000000	1.000000	3.192872
	1855.000000	0.000000	3.200457
	1856.000000	1.000000	3.246063
	1857.000000	0.000000	3.206484
	1858.000000	1.000000	3.259401
	1859.000000	0.000000	3.166579
	1860.000000	1.000000	3.331868
	1861.000000	0.000000	3.310274
	1862.000000	0.000000	3.341441
	1863.000000	1.000000	3.315376
	1864.000000	0.000000	3.436599
	1865.000000	0.000000	3.558263
	1866.000000	0.000000	3.400964
	1867.000000	0.000000	3.498142
	1868.000000	1.000000	3.461084
	1869.000000	1.000000	3.534492
	1870.000000	0.000000	3.613586
	1871.000000	1.000000	3.481376
	1872.000000	0.000000	3.539399
	1873.000000	1.000000	3.519738
	1874.000000	1.000000	3.601761
	1875.000000	1.000000	3.548241
	1876.000000	0.000000	3.502456
	1877.000000	1.000000	3.656214
	1878.000000	1.000000	3.580886
	1879.000000	0.000000	3.624462
	1880.000000	0.000000	3.579973
	1881.000000	0.000000	3.597583
	1882.000000	1.000000	3.461469
	1883.000000	0.000000	3.539394
	1884.000000	1.000000	3.533705
	1885.000000	0.000000	3.423253
	1886.000000	0.000000	3.468439
	1887.000000	0.000000	3.452401
	1888.000000	1.000000	3.551774
	1889.000000	1.000000	3.501388
	1890.000000	0.000000	3.437104
	1891.000000	1.000000	3.481545
	1892.000000	0.000000	3.468002
	1893.000000	0.000000	3.511359
	1894.000000	1.000000	3.537125
	1895.000000	1.000000	3.585646
	1896.000000	1.000000	3.559665
	1897.000000	1.000000	3.572734
	1898.000000	1.000000	3.554375
	1899.000000	1.000000	3.514308
	1900.000000	0.000000	3.555074
	1901.000000	1.000000	3.386384
	1902.000000	0.000000	3.482932
	1903.000000	0.000000	3.560410
	1904.000000	1.000000	3.477681
	1905.000000	0.000000	3.329825
	1906.000000	0.000000	3.471046
	1907.000000	1.000000	3.451494
	1908.000000	1.000000	3.487317
	1909.000000	0.000000	3.312643
	1910.000000	0.000000	3.373294
	1911.000000	0.000000	3.444364
	1912.000000	1.000000	3.378426
	1913.000000	1.000000	3.388552
	1914.000000	0.000000	3.526016
	1915.000000	1.000000	3.510252
	1916.000000	1.000000	3.567913
	1917.000000	1.000000	3.600924
	1918.000000	1.000000	3.587545
	1919.000000	0.000000	3.605609
	1920.000000	1.000000	3.609944
	1921.000000	1.000000	3.596758
	1922.000000	0.000000	3.565987
	1923.000000	0.000000	3.625367
	1924.000000	1.000000	3.651339
	1925.000000	1.000000	3.616832
	1926.000000	0.000000	3.724917
	1927.000000	0.000000	3.560680
	1928.000000	0.000000	3.538841
	1929.000000	0.000000	3.544299
	1930.000000	1.000000	3.447687
	1931.000000	1.000000	3.617653
	1932.000000	0.000000	3.428040
	1933.000000	1.000000	3.573416
	1934.000000	1.000000	3.559059
	1935.000000	0.000000	3.649648
	1936.000000	0.000000	3.577619
	1937.000000	1.000000	3.658903
	1938.000000	0.000000	3.626429
	1939.000000	1.000000	3.665852
	1940.000000	0.000000	3.717720
	1941.000000	1.000000	3.740958
	1942.000000	0.000000	3.711910
	1943.000000	1.000000	3.769603
	1944.000000	0.000000	3.868978
	1945.000000	1.000000	3.657046
	1946.000000	0.000000	3.758576
	1947.000000	1.000000	3.641514
	1948.000000	0.000000	3.600724
	1949.000000	0.000000	3.591362
	1950.000000	0.000000	3.723725
	1951.000000	0.000000	3.608968
	1952.000000	0.000000	3.647500
	1953.000000	0.000000	3.639790
	1954.000000	0.000000	3.690578
	1955.000000	1.000000	3.650936
	1956.000000	0.000000	3.558301
	1957.000000	0.000000	3.592086
	1958.000000	0.000000	3.693923
	1959.000000	0.000000	3.753547
	1960.000000	1.000000	3.484994
	1961.000000	0.000000	3.647175
	1962.000000	1.000000	3.643071
	1963.000000	0.000000	3.653735
	1964.000000	1.000000	3.541983
	1965.000000	1.000000	3.540719
	1966.000000	1.000000	3.412443
	1967.000000	0.000000	3.619975
	1968.000000	1.000000	3.493109
	1969.000000	1.000000	3.575713
	1970.000000	1.000000	3.343093
	1971.000000	1.000000	3.322290
	1972.000000	0.000000	3.356973
	1973.000000	1.000000	3.325151
	1974.000000	0.000000	3.262793
	1975.000000	1.000000	3.097168
	1976.000000	1.000000	3.123134
	1977.000000	1.000000	3.241496
	1978.000000	1.000000	3.073099
	1979.000000	0.000000	3.140400
	1980.000000	1.000000	3.133239
	1981.000000	1.000000	3.018278
	1982.000000	0.000000	3.090672
	1983.000000	0.000000	3.095672
	1984.000000	0.000000	3.127514
	1985.000000	1.000000	3.058072
	1986.000000	0.000000	3.106862
	1987.000000	0.000000	3.209336
	1988.000000	0.000000	3.317176
	1989.000000	0.000000	3.306551
	1990.000000	0.000000	3.321097
	1991.000000	1.000000	3.259252
	1992.000000	1.000000	3.338160
	1993.000000	1.000000	3.260565
	1994.000000	1.000000	3.371423
	1995.000000	1.000000	3.408154
	1996.000000	0.000000	3.414269
	1997.000000	1.000000	3.413183
	1998.000000	0.000000	3.498991
	1999.000000	1.000000	3.564508
	2000.000000	1.000000	3.463156
	2001.000000	1.000000	3.673904
	2002.000000	1.000000	3.701387
	2003.000000	1.000000	3.521547
	2004.000000	1.000000	3.538334
	2005.000000	1.000000	3.494553
	2006.000000	0.000000	3.594118
	2007.000000	0.000000	3.516919
	2008.000000	0.000000	3.432267
	2009.000000	0.000000	3.457146
	2010.000000	0.000000	3.493653
	2011.000000	1.000000	3.592433
	2012.000000	0.000000	3.605128
	2013.000000	0.000000	3.423434
	2014.000000	1.000000	3.496934
	2015.000000	1.000000	3.591137
	2016.000000	1.000000	3.551133
	2017.000000	1.000000	3.614216
	2018.000000	1.000000	3.603940
	2019.000000	0.000000	3.666608
	2020.000000	0.000000	3.723104
	2021.000000	0.000000	3.770859
	2022.000000	0.000000	3.803289
	2023.000000	0.000000	3.911423
	2024.000000	1.000000	3.780658
	2025.000000	1.000000	3.810859
	2026.000000	0.000000	3.806761
	2027.000000	1.000000	3.762223
	2028.000000	1.000000	3.733498
	2029.000000	1.000000	3.676382
	2030.000000	1.000000	3.737381
	2031.000000	0.000000	3.597305
	2032.000000	0.000000	3.630405
	2033.000000	1.000000	3.749492
	2034.000000	0.000000	3.784938
	2035.000000	0.000000	3.789010
	2036.000000	1.000000	3.805597
	2037.000000	1.000000	3.829625
	2038.000000	1.000000	3.716757
	2039.000000	0.000000	3.708095
	2040.000000	1.000000	3.707712
	2041.000000	0.000000	3.653992
	2042.000000	1.000000	3.702362
	2043.000000	0.000000	3.684717
	2044.000000	0.000000	3.582574
	2045.000000	1.000000	3.579203
	2046.000000	1.000000	3.781870
	2047.000000	0.000000	3.660677
	2048.000000	1.000000	3.671981
	2049.000000	1.000000	3.624822
	2050.000000	1.000000	3.668404
	2051.000000	1.000000	3.681330
	2052.000000	1.000000	3.737758
	2053.000000	1.000000	3.671165
	2054.000000	0.000000	3.701294
	2055.000000	0.000000	3.794147
	2056.000000	0.000000	3.703950
	2057.000000	1.000000	3.773536
	2058.000000	0.000000	3.660464
	2059.000000	0.000000	3.692562
	2060.000000	0.000000	3.698496
	2061.000000	0.000000	3.863618
	2062.000000	1.000000	3.800204
	2063.000000	0.000000	3.784516
	2064.000000	1.000000	3.722536
	2065.000000	1.000000	3.750297
	2066.000000	1.000000	3.868779
	2067.000000	1.000000	3.858252
	2068.000000	1.000000	3.754285
	2069.000000	0.000000	3.788744
	2070.000000	1.000000	3.825278
	2071.000000	0.000000	3.878976
	2072.000000	1.000000	3.917909
	2073.000000	0.000000	3.896865
	2074.000000	0.000000	3.831290
	2075.000000	1.000000	3.859060
	2076.000000	1.000000	3.787723
	2077.000000	1.000000	3.852411
	2078.000000	1.000000	3.850636
	2079.000000	1.000000	3.632436
	2080.000000	1.000000	3.766192
	2081.000000	1.000000	3.679644
	2082.000000	1.000000	3.863984
	2083.000000	0.000000	3.777839
	2084.000000	0.000000	3.815129
	2085.000000	1.000000	3.825380
	2086.000000	0.000000	3.746093
	2087.000000	1.000000	3.857625
	2088.000000	1.000000	3.859230
	2089.000000	0.000000	3.726712
	2090.000000	0.000000	3.805255
	2091.000000	0.000000	3.773101
	2092.000000	1.000000	3.716379
	2093.000000	1.000000	3.807948
	2094.000000	1.000000	3.919435
	2095.000000	0.000000	3.820942
	2096.000000	1.000000	3.887620
	2097.000000	0.000000	3.925875
	2098.000000	1.000000	4.049733
	2099.000000	0.000000	4.030931
	2100.000000	0.000000	4.054011
	2101.000000	0.000000	4.188850
	2102.000000	1.000000	4.085300
	2103.000000	0.000000	4.001141
	2104.000000	1.000000	4.193293
	2105.000000	1.000000	4.104128
	2106.000000	1.000000	4.063875
	2107.000000	0.000000	4.094533
	2108.000000	1.000000	4.019578
	2109.000000	0.000000	4.079363
	2110.000000	0.000000	4.088687
	2111.000000	0.000000	4.011258
	2112.000000	1.000000	4.106495
	2113.000000	1.000000	4.109406
	2114.000000	0.000000	4.065181
	2115.000000	0.000000	4.129628
	2116.000000	0.000000	4.065961
	2117.000000	1.000000	3.996258
	2118.000000	1.000000	3.982721
	2119.000000	1.000000	3.895834
	2120.000000	1.000000	3.826299
	2121.000000	0.000000	3.882457
	2122.000000	1.000000	3.922919
	2123.000000	1.000000	3.902051
	2124.000000	0.000000	3.928084
	2125.000000	0.000000	3.987227
	2126.000000	1.000000	3.942311
	2127.000000	0.000000	3.961487
	2128.000000	0.000000	3.915698
	2129.000000	0.000000	3.805268
	2130.000000	0.000000	3.835759
	2131.000000	0.000000	3.780684
	2132.000000	1.000000	3.768146
	2133.000000	0.000000	3.775492
	2134.000000	0.000000	3.788253
	2135.000000	0.000000	3.642503
	2136.000000	1.000000	3.794300
	2137.000000	0.000000	3.756199
	2138.000000	1.000000	3.870221
	2139.000000	1.000000	3.727392
	2140.000000	0.000000	3.899570
	2141.000000	1.000000	3.766955
	2142.000000	0.000000	3.755330
	2143.000000	0.000000	3.901526
	2144.000000	0.000000	3.800425
	2145.000000	0.000000	3.758925
	2146.000000	0.000000	3.759708
	2147.000000	0.000000	3.681577
	2148.000000	0.000000	3.718105
	2149.000000	1.000000	3.621619
	2150.000000	1.000000	3.610857
	2151.000000	0.000000	3.607880
	2152.000000	0.000000	3.587163
	2153.000000	0.000000	3.557592
	2154.000000	1.000000	3.465323
	2155.000000	0.000000	3.505120
	2156.000000	0.000000	3.460516
	2157.000000	0.000000	3.410004
	2158.000000	0.000000	3.520519
	2159.000000	1.000000	3.380395
	2160.000000	1.000000	3.444109
	2161.000000	1.000000	3.346072
	2162.000000	1.000000	3.338049
	2163.000000	1.000000	3.283969
	2164.000000	1.000000	3.254366
	2165.000000	1.000000	3.219601
	2166.000000	1.000000	3.258773
	2167.000000	1.000000	3.206265
	2168.000000	1.000000	3.165955
	2169.000000	1.000000	3.066897
	2170.000000	0.000000	3.073061
	2171.000000	1.000000	3.061266
	2172.000000	1.000000	3.109769
	2173.000000	1.000000	2.921534
	2174.000000	1.000000	2.916579
	2175.000000	1.000000	3.011215
	2176.000000	0.000000	2.936600
	2177.000000	1.000000	2.972386
	2178.000000	0.000000	2.900716
	2179.000000	1.000000	2.977935
	2180.000000	1.000000	2.952192
	2181.000000	0.000000	3.070059
	2182.000000	1.000000	3.100509
	2183.000000	1.000000	3.192214
	2184.000000	1.000000	3.258994
	2185.000000	1.000000	3.295854
	2186.000000	0.000000	3.321311
	2187.000000	1.000000	3.399305
	2188.000000	0.000000	3.470752
	2189.000000	1.000000	3.533447
	2190.000000	0.000000	3.594322
	2191.000000	1.000000	3.536505
	2192.000000	1.000000	3.594760
	2193.000000	0.000000	3.644920
	2194.000000	1.000000	3.628950
	2195.000000	1.000000	3.767301
	2196.000000	1.000000	3.727409
	2197.000000	0.000000	3.833581
	2198.000000	1.000000	3.808642
	2199.000000	1.000000	3.822734
	2200.000000	0.000000	3.867424
	2201.000000	1.000000	3.920214
	2202.000000	0.000000	3.936724
	2203.000000	0.000000	4.042467
	2204.000000	0.000000	3.965179
	2205.000000	1.000000	4.072770
	2206.000000	0.000000	3.978755
	2207.000000	1.000000	3.963562
	2208.000000	0.000000	4.007621
	2209.000000	1.000000	4.026112
	2210.000000	1.000000	4.137869
	2211.000000	1.000000	4.035223
	2212.000000	0.000000	4.066201
	2213.000000	0.000000	4.076661
	2214.000000	1.000000	4.113800
	2215.000000	1.000000	4.177754
	2216.000000	1.000000	4.152016
	2217.000000	0.000000	4.187404
	2218.000000	1.000000	4.203751
	2219.000000	1.000000	4.282142
	2220.000000	1.000000	4.241865
	2221.000000	0.000000	4.167067
	2222.000000	1.000000	4.156858
	2223.000000	1.000000	4.134406
	2224.000000	1.000000	4.030593
	2225.000000	1.000000	3.971247
	2226.000000	1.000000	4.036627
	2227.000000	0.000000	4.064191
	2228.000000	0.000000	4.074959
	2229.000000	1.000000	4.109015
	2230.000000	1.000000	4.006086
	2231.000000	1.000000	4.093097
	2232.000000	0.000000	4.213216
	2233.000000	1.000000	4.057641
	2234.000000	0.000000	4.020225
	2235.000000	0.000000	4.014982
	2236.000000	0.000000	4.121426
	2237.000000	1.000000	4.161953
	2238.000000	1.000000	4.203555
	2239.000000	1.000000	4.141647
	2240.000000	0.000000	4.157816
	2241.000000	0.000000	4.080024
	2242.000000	1.000000	4.170232
	2243.000000	1.000000	4.263418
	2244.000000	1.000000	4.306930
	2245.000000	0.000000	4.359553
	2246.000000	0.000000	4.272767
	2247.000000	0.000000	4.390804
	2248.000000	1.000000	4.445991
	2249.000000	0.000000	4.349137
	2250.000000	1.000000	4.444112
	2251.000000	1.000000	4.417897
	2252.000000	0.000000	4.249401
	2253.000000	0.000000	4.336747
	2254.000000	0.000000	4.334636
	2255.000000	1.000000	4.292598
	2256.000000	0.000000	4.446433
	2257.000000	0.000000	4.262538
	2258.000000	0.000000	4.144378
	2259.000000	1.000000	4.377717
	2260.000000	0.000000	4.182761
	2261.000000	1.000000	4.322924
	2262.000000	1.000000	4.334422
	2263.000000	1.000000	4.290210
	2264.000000	1.000000	4.233755
	2265.000000	0.000000	4.162779
	2266.000000	0.000000	4.200931
	2267.000000	0.000000	4.235415
	2268.000000	0.000000	4.146256
	2269.000000	1.000000	4.136020
	2270.000000	0.000000	4.062699
	2271.000000	1.000000	4.007375
	2272.000000	1.000000	4.046252
	2273.000000	1.000000	3.990891
	2274.000000	1.000000	3.902787
	2275.000000	0.000000	3.961505
	2276.000000	0.000000	3.917237
	2277.000000	1.000000	3.853083
	2278.000000	0.000000	3.764072
	2279.000000	1.000000	3.799998
	2280.000000	0.000000	3.904605
	2281.000000	1.000000	3.899592
	2282.000000	1.000000	3.867144
	2283.000000	0.000000	3.788287
	2284.000000	1.000000	3.859921
	2285.000000	1.000000	3.776575
	2286.000000	0.000000	3.807912
	2287.000000	1.000000	3.736432
	2288.000000	1.000000	3.703027
	2289.000000	1.000000	3.843047
	2290.000000	0.000000	3.639273
	2291.000000	1.000000	3.704694
	2292.000000	1.000000	3.851204
	2293.000000	1.000000	3.724267
	2294.000000	1.000000	3.724850
	2295.000000	0.000000	3.747864
	2296.000000	0.000000	3.754752
	2297.000000	0.000000	3.841499
	2298.000000	1.000000	3.865396
	2299.000000	1.000000	3.666510
	2300.000000	1.000000	3.803960
	2301.000000	1.000000	3.800154
	2302.000000	1.000000	3.713247
	2303.000000	1.000000	3.932305
	2304.000000	0.000000	3.884508
	2305.000000	0.000000	3.742545
	2306.000000	0.000000	3.820714
	2307.000000	1.000000	3.909425
	2308.000000	1.000000	3.912544
	2309.000000	0.000000	4.003377
	2310.000000	0.000000	3.973990
	2311.000000	0.000000	4.069846
	2312.000000	1.000000	3.950001
	2313.000000	0.000000	3.977847
	2314.000000	0.000000	4.056524
	2315.000000	1.000000	3.973292
	2316.000000	0.000000	4.108973
	2317.000000	1.000000	4.120714
	2318.000000	1.000000	4.069561
	2319.000000	1.000000	4.085759
	2320.000000	1.000000	4.122318
	2321.000000	0.000000	4.140419
	2322.000000	1.000000	4.136462
	2323.000000	0.000000	4.070554
	2324.000000	1.000000	4.177523
	2325.000000	1.000000	4.084238
	2326.000000	0.000000	4.054107
	2327.000000	1.000000	4.014030
	2328.000000	0.000000	4.052281
	2329.000000	1.000000	4.038686
	2330.000000	1.000000	3.886001
	2331.000000	0.000000	4.029913
	2332.000000	1.000000	3.988665
	2333.000000	0.000000	3.949310
	2334.000000	0.000000	3.901871
	2335.000000	0.000000	3.892099
	2336.000000	0.000000	3.949736
	2337.000000	1.000000	3.950664
	2338.000000	0.000000	3.973192
	2339.000000	0.000000	4.127725
	2340.000000	1.000000	3.966872
	2341.000000	1.000000	4.028636
	2342.000000	0.000000	4.073366
	2343.000000	1.000000	3.988667
	2344.000000	0.000000	4.078537
	2345.000000	0.000000	3.993742
	2346.000000	0.000000	3.905740
	2347.000000	0.000000	3.940167
	2348.000000	1.000000	4.091368
	2349.000000	0.000000	3.992936
	2350.000000	1.000000	4.090751
	2351.000000	1.000000	3.935676
	2352.000000	1.000000	3.841512
	2353.000000	0.000000	3.940962
	2354.000000	1.000000	4.049705
	2355.000000	0.000000	3.858549
	2356.000000	1.000000	3.929470
	2357.000000	0.000000	3.713199
	2358.000000	1.000000	3.738533
	2359.000000	1.000000	3.793397
	2360.000000	0.000000	3.691317
	2361.000000	0.000000	3.747211
	2362.000000	1.000000	3.594804
	2363.000000	1.000000	3.665829
	2364.000000	0.000000	3.604697
	2365.000000	1.000000	3.566253
	2366.000000	1.000000	3.628467
	2367.000000	1.000000	3.563367
	2368.000000	1.000000	3.663263
	2369.000000	1.000000	3.483434
	2370.000000	0.000000	3.585062
	2371.000000	0.000000	3.524984
	2372.000000	0.000000	3.623139
	2373.000000	0.000000	3.625461
	2374.000000	1.000000	3.689585
	2375.000000	0.000000	3.596647
	2376.000000	1.000000	3.592025
	2377.000000	0.000000	3.539152
	2378.000000	1.000000	3.607084
	2379.000000	1.000000	3.581063
	2380.000000	0.000000	3.642357
	2381.000000	0.000000	3.620182
	2382.000000	1.000000	3.572952
	2383.000000	1.000000	3.653216
	2384.000000	1.000000	3.680975
	2385.000000	1.000000	3.703010
	2386.000000	1.000000	3.733968
	2387.000000	1.000000	3.773244
	2388.000000	1.000000	3.774006
	2389.000000	1.000000	3.719368
	2390.000000	1.000000	3.673389
	2391.000000	0.000000	3.855640
	2392.000000	1.000000	3.774808
	2393.000000	0.000000	3.663712
	2394.000000	1.000000	3.685175
	2395.000000	1.000000	3.740018
	2396.000000	1.000000	3.655475
	2397.000000	0.000000	3.728420
	2398.000000	1.000000	3.677043
	2399.000000	1.000000	3.696712
	2400.000000	1.000000	3.721248
	2401.000000	0.000000	3.768131
	2402.000000	0.000000	3.702359
	2403.000000	1.000000	3.747446
	2404.000000	0.000000	3.765862
	2405.000000	1.000000	3.908159
	2406.000000	1.000000	3.943070
	2407.000000	0.000000	3.890013
	2408.000000	1.000000	3.889336
	2409.000000	1.000000	4.068186
	2410.000000	1.000000	3.978793
	2411.000000	1.000000	4.135326
	2412.000000	1.000000	4.150607
	2413.000000	0.000000	4.191933
	2414.000000	0.000000	4.155689
	2415.000000	1.000000	4.262376
	2416.000000	0.000000	4.306002
	2417.000000	1.000000	4.184404
	2418.000000	0.000000	4.153069
	2419.000000	1.000000	4.188344
	2420.000000	0.000000	4.277325
	2421.000000	0.000000	4.279894
	2422.000000	1.000000	4.355521
	2423.000000	1.000000	4.255246
	2424.000000	0.000000	4.251802
	2425.000000	1.000000	4.271659
	2426.000000	0.000000	4.253395
	2427.000000	1.000000	4.325972
	2428.000000	1.000000	4.255204
	2429.000000	1.000000	4.356454
	2430.000000	1.000000	4.282703
	2431.000000	0.000000	4.376575
	2432.000000	1.000000	4.346542
	2433.000000	0.000000	4.390559
	2434.000000	0.000000	4.389488
	2435.000000	0.000000	4.415573
	2436.000000	0.000000	4.266194
	2437.000000	1.000000	4.302442
	2438.000000	0.000000	4.353697
	2439.000000	1.000000	4.223479
	2440.000000	0.000000	4.221008
	2441.000000	1.000000	4.198576
	2442.000000	0.000000	4.286243
	2443.000000	1.000000	4.181524
	2444.000000	0.000000	4.181747
	2445.000000	1.000000	4.186143
	2446.000000	1.000000	4.175932
	2447.000000	1.000000	4.156279
	2448.000000	0.000000	4.336963
	2449.000000	0.000000	4.195450
	2450.000000	0.000000	4.075297
	2451.000000	0.000000	4.191177
	2452.000000	1.000000	4.251461
	2453.000000	0.000000	4.145179
	2454.000000	1.000000	4.113424
	2455.000000	1.000000	3.972879
	2456.000000	0.000000	4.038722
	2457.000000	1.000000	4.075756
	2458.000000	0.000000	4.034183
	2459.000000	0.000000	4.050177
	2460.000000	1.000000	4.109030
	2461.000000	0.000000	4.086036
	2462.000000	0.000000	3.923062
	2463.000000	0.000000	4.040892
	2464.000000	0.000000	3.932896
	2465.000000	1.000000	3.930295
	2466.000000	0.000000	3.944775
	2467.000000	0.000000	3.934046
	2468.000000	1.000000	3.898708
	2469.000000	0.000000	3.909377
	2470.000000	1.000000	3.933913
	2471.000000	1.000000	3.800270
	2472.000000	0.000000	3.865847
	2473.000000	0.000000	3.843141
	2474.000000	0.000000	3.917423
	2475.000000	1.000000	3.742707
	2476.000000	0.000000	3.671790
	2477.000000	1.000000	3.775327
	2478.000000	0.000000	3.760330
	2479.000000	1.000000	3.641344
	2480.000000	0.000000	3.741353
	2481.000000	1.000000	3.606943
	2482.000000	1.000000	3.532565
	2483.000000	0.000000	3.563155
	2484.000000	1.000000	3.555025
	2485.000000	1.000000	3.498906
	2486.000000	0.000000	3.422330
	2487.000000	0.000000	3.468920
	2488.000000	1.000000	3.507382
	2489.000000	1.000000	3.530524
	2490.000000	0.000000	3.345829
	2491.000000	1.000000	3.375935
	2492.000000	1.000000	3.336111
	2493.000000	0.000000	3.357061
	2494.000000	1.000000	3.416116
	2495.000000	1.000000	3.382216
	2496.000000	0.000000	3.342501
	2497.000000	0.000000	3.466131
	2498.000000	0.000000	3.327528
	2499.000000	1.000000	3.353275
	2500.000000	1.000000	3.416780
	2501.000000	1.000000	3.440082
	2502.000000	1.000000	3.525735
	2503.000000	0.000000	3.395135
	2504.000000	0.000000	3.449198
	2505.000000	1.000000	3.265366
	2506.000000	0.000000	3.371894
	2507.000000	0.000000	3.383916
	2508.000000	1.000000	3.435506
	2509.000000	0.000000	3.455492
	2510.000000	1.000000	3.406315
	2511.000000	0.000000	3.401545
	2512.000000	1.000000	3.576423
	2513.000000	0.000000	3.494752
	2514.000000	1.000000	3.539359
	2515.000000	1.000000	3.537883
	2516.000000	0.000000	3.535440
	2517.000000	0.000000	3.555019
	2518.000000	1.000000	3.639680
	2519.000000	0.000000	3.598737
	2520.000000	0.000000	3.610962
	2521.000000	1.000000	3.605355
	2522.000000	1.000000	3.542651
	2523.000000	1.000000	3.604283
	2524.000000	1.000000	3.688105
	2525.000000	0.000000	3.483655
	2526.000000	0.000000	3.536183
	2527.000000	1.000000	3.568262
	2528.000000	0.000000	3.532626
	2529.000000	0.000000	3.462295
	2530.000000	0.000000	3.603436
	2531.000000	0.000000	3.499683
	2532.000000	1.000000	3.606146
	2533.000000	0.000000	3.597578
	2534.000000	1.000000	3.530942
	2535.000000	0.000000	3.533462
	2536.000000	0.000000	3.595936
	2537.000000	1.000000	3.510979
	2538.000000	1.000000	3.456125
	2539.000000	0.000000	3.511298
	2540.000000	1.000000	3.561905
	2541.000000	1.000000	3.728848
	2542.000000	0.000000	3.618322
	2543.000000	1.000000	3.643083
	2544.000000	1.000000	3.545483
	2545.000000	1.000000	3.507331
	2546.000000	0.000000	3.529023
	2547.000000	0.000000	3.514257
	2548.000000	1.000000	3.433326
	2549.000000	1.000000	3.426602
	2550.000000	1.000000	3.446774
	2551.000000	0.000000	3.434911
	2552.000000	0.000000	3.423493
	2553.000000	1.000000	3.508694
	2554.000000	1.000000	3.426169
	2555.000000	0.000000	3.463123
	2556.000000	1.000000	3.394921
	2557.000000	1.000000	3.370946
	2558.000000	0.000000	3.434855
	2559.000000	1.000000	3.406324
	2560.000000	0.000000	3.432198
	2561.000000	0.000000	3.459479
	2562.000000	0.000000	3.569998
	2563.000000	0.000000	3.348451
	2564.000000	1.000000	3.528459
	2565.000000	1.000000	3.561190
	2566.000000	0.000000	3.610986
	2567.000000	1.000000	3.607118
	2568.000000	1.000000	3.593994
	2569.000000	0.000000	3.491322
	2570.000000	1.000000	3.503594
	2571.000000	1.000000	3.570093
	2572.000000	0.000000	3.640871
	2573.000000	1.000000	3.639638
	2574.000000	0.000000	3.599324
	2575.000000	1.000000	3.661427
	2576.000000	1.000000	3.717808
	2577.000000	1.000000	3.617585
	2578.000000	1.000000	3.698986
	2579.000000	1.000000	3.714846
	2580.000000	0.000000	3.636975
	2581.000000	0.000000	3.601297
	2582.000000	0.000000	3.542118
	2583.000000	0.000000	3.590213
	2584.000000	0.000000	3.527385
	2585.000000	0.000000	3.537576
	2586.000000	1.000000	3.634729
	2587.000000	0.000000	3.651428
	2588.000000	1.000000	3.524889
	2589.000000	1.000000	3.533718
	2590.000000	1.000000	3.663399
	2591.000000	0.000000	3.598814
	2592.000000	0.000000	3.634478
	2593.000000	1.000000	3.811968
	2594.000000	1.000000	3.707505
	2595.000000	0.000000	3.696827
	2596.000000	1.000000	3.816004
	2597.000000	1.000000	3.739993
	2598.000000	1.000000	3.764216
	2599.000000	1.000000	3.823805
	2600.000000	0.000000	3.844431
	2601.000000	0.000000	3.682913
	2602.000000	0.000000	3.864615
	2603.000000	0.000000	3.723940
	2604.000000	0.000000	3.658411
	2605.000000	1.000000	3.636787
	2606.000000	1.000000	3.752658
	2607.000000	1.000000	3.628215
	2608.000000	1.000000	3.650755
	2609.000000	1.000000	3.746930
	2610.000000	1.000000	3.664117
	2611.000000	1.000000	3.703209
	2612.000000	0.000000	3.732732
	2613.000000	1.000000	3.645584
	2614.000000	1.000000	3.723859
	2615.000000	1.000000	3.729725
	2616.000000	0.000000	3.706434
	2617.000000	1.000000	3.718700
	2618.000000	0.000000	3.769107
	2619.000000	1.000000	3.870898
	2620.000000	0.000000	3.770122
	2621.000000	1.000000	3.654144
	2622.000000	0.000000	3.584617
	2623.000000	0.000000	3.665797
	2624.000000	0.000000	3.639520
	2625.000000	1.000000	3.721127
	2626.000000	1.000000	3.698607
	2627.000000	0.000000	3.905794
	2628.000000	0.000000	3.815937
	2629.000000	1.000000	3.795612
	2630.000000	0.000000	3.842506
	2631.000000	1.000000	3.908629
	2632.000000	1.000000	3.955660
	2633.000000	1.000000	3.911728
	2634.000000	0.000000	3.876112
	2635.000000	0.000000	3.943134
	2636.000000	0.000000	4.073946
	2637.000000	1.000000	3.998138
	2638.000000	1.000000	3.950000
	2639.000000	1.000000	4.042084
	2640.000000	1.000000	3.975805
	2641.000000	1.000000	4.006005
	2642.000000	0.000000	3.975754
	2643.000000	0.000000	3.879280
	2644.000000	0.000000	3.900213
	2645.000000	0.000000	3.883223
	2646.000000	1.000000	3.915344
	2647.000000	1.000000	3.901367
	2648.000000	1.000000	3.816014
	2649.000000	0.000000	3.950269
	2650.000000	1.000000	3.789679
	2651.000000	1.000000	4.000541
	2652.000000	0.000000	3.914529
	2653.000000	1.000000	3.835598
	2654.000000	1.000000	3.816266
	2655.000000	0.000000	3.804474
	2656.000000	1.000000	3.895051
	2657.000000	1.000000	3.884987
	2658.000000	0.000000	3.914194
	2659.000000	1.000000	3.859938
	2660.000000	1.000000	3.827945
	2661.000000	1.000000	4.025707
	2662.000000	1.000000	3.859721
	2663.000000	1.000000	3.856878
	2664.000000	1.000000	3.924683
	2665.000000	1.000000	3.738466
	2666.000000	1.000000	3.933266
	2667.000000	0.000000	3.816268
	2668.000000	1.000000	3.819903
	2669.000000	0.000000	3.965808
	2670.000000	0.000000	3.861776
	2671.000000	1.000000	3.872593
	2672.000000	1.000000	3.835161
	2673.000000	0.000000	4.011300
	2674.000000	1.000000	4.033568
	2675.000000	1.000000	4.038109
	2676.000000	0.000000	3.966214
	2677.000000	0.000000	3.960616
	2678.000000	1.000000	4.013725
	2679.000000	1.000000	3.956609
	2680.000000	0.000000	4.107283
	2681.000000	0.000000	4.095684
	2682.000000	1.000000	4.179769
	2683.000000	0.000000	4.210782
	2684.000000	1.000000	4.223311
	2685.000000	1.000000	4.322079
	2686.000000	0.000000	4.253925
	2687.000000	1.000000	4.251062
	2688.000000	0.000000	4.347572
	2689.000000	0.000000	4.316795
	2690.000000	1.000000	4.267762
	2691.000000	1.000000	4.352444
	2692.000000	0.000000	4.246696
	2693.000000	0.000000	4.345647
	2694.000000	0.000000	4.242695
	2695.000000	1.000000	4.221066
	2696.000000	0.000000	4.363226
	2697.000000	1.000000	4.235816
	2698.000000	1.000000	4.277247
	2699.000000	1.000000	4.181942
	2700.000000	1.000000	4.147236
	2701.000000	1.000000	4.180834
	2702.000000	1.000000	4.246976
	2703.000000	0.000000	4.282919
	2704.000000	0.000000	4.182361
	2705.000000	1.000000	4.108354
	2706.000000	0.000000	4.129274
	2707.000000	0.000000	4.095918
	2708.000000	0.000000	4.127290
	2709.000000	0.000000	4.106842
	2710.000000	0.000000	4.099385
	2711.000000	0.000000	4.088081
	2712.000000	1.000000	4.016955
	2713.000000	0.000000	4.068748
	2714.000000	0.000000	4.053042
	2715.000000	1.000000	4.026409
	2716.000000	0.000000	4.011599
	2717.000000	0.000000	4.154967
	2718.000000	0.000000	4.106836
	2719.000000	1.000000	4.134530
	2720.000000	0.000000	4.091534
	2721.000000	0.000000	4.124987
	2722.000000	1.000000	4.130183
	2723.000000	1.000000	4.111105
	2724.000000	0.000000	4.041534
	2725.000000	0.000000	4.021119
	2726.000000	0.000000	4.020639
	2727.000000	1.000000	4.026043
	2728.000000	0.000000	3.845921
	2729.000000	0.000000	3.868330
	2730.000000	1.000000	3.822587
	2731.000000	1.000000	3.757659
	2732.000000	1.000000	3.663730
	2733.000000	1.000000	3.600350
	2734.000000	1.000000	3.712231
	2735.000000	1.000000	3.568944
	2736.000000	0.000000	3.643071
	2737.000000	0.000000	3.621993
	2738.000000	0.000000	3.533532
	2739.000000	0.000000	3.331173
	2740.000000	1.000000	3.485815
	2741.000000	0.000000	3.510531
	2742.000000	0.000000	3.457210
	2743.000000	0.000000	3.400186
	2744.000000	1.000000	3.339963
	2745.000000	1.000000	3.324354
	2746.000000	0.000000	3.347921
	2747.000000	0.000000	3.225711
	2748.000000	0.000000	3.364469
	2749.000000	1.000000	3.461870
	2750.000000	0.000000	3.432605
	2751.000000	1.000000	3.411587
	2752.000000	1.000000	3.411067
	2753.000000	0.000000	3.465329
	2754.000000	1.000000	3.394441
	2755.000000	1.000000	3.408332
	2756.000000	1.000000	3.417277
	2757.000000	0.000000	3.390815
	2758.000000	0.000000	3.460697
	2759.000000	0.000000	3.349800
	2760.000000	0.000000	3.281468
	2761.000000	1.000000	3.389998
	2762.000000	0.000000	3.348963
	2763.000000	0.000000	3.333281
	2764.000000	1.000000	3.239786
	2765.000000	0.000000	3.195089
	2766.000000	1.000000	3.321237
	2767.000000	0.000000	3.235039
	2768.000000	0.000000	3.406158
	2769.000000	0.000000	3.139610
	2770.000000	0.000000	3.169698
	2771.000000	1.000000	3.304552
	2772.000000	0.000000	3.401469
	2773.000000	0.000000	3.316659
	2774.000000	0.000000	3.409756
	2775.000000	0.000000	3.373723
	2776.000000	0.000000	3.334415
	2777.000000	1.000000	3.251605
	2778.000000	0.000000	3.325928
	2779.000000	0.000000	3.266525
	2780.000000	1.000000	3.292694
	2781.000000	1.000000	3.284692
	2782.000000	0.000000	3.155044
	2783.000000	1.000000	3.226477
	2784.000000	1.000000	3.205435
	2785.000000	0.000000	3.191521
	2786.000000	0.000000	3.171629
	2787.000000	0.000000	3.112842
	2788.000000	1.000000	3.103331
	2789.000000	0.000000	3.091790
	2790.000000	0.000000	3.107004
	2791.000000	1.000000	3.008359
	2792.000000	0.000000	3.016400
	2793.000000	0.000000	3.032985
	2794.000000	1.000000	3.041058
	2795.000000	1.000000	2.830530
	2796.000000	1.000000	2.913598
	2797.000000	0.000000	2.929390
	2798.000000	1.000000	2.807446
	2799.000000	1.000000	2.878876
	2800.000000	1.000000	2.825326
	2801.000000	0.000000	2.868724
	2802.000000	0.000000	3.050155
	2803.000000	1.000000	2.939694
	2804.000000	1.000000	2.874202
	2805.000000	1.000000	2.857544
	2806.000000	1.000000	2.878478
	2807.000000	0.000000	2.747097
	2808.000000	1.000000	2.822871
	2809.000000	1.000000	2.832788
	2810.000000	0.000000	2.760781
	2811.000000	1.000000	2.779904
	2812.000000	0.000000	2.867837
	2813.000000	0.000000	2.783947
	2814.000000	0.000000	2.830851
	2815.000000	0.000000	2.976980
	2816.000000	0.000000	2.964723
	2817.000000	1.000000	2.968694
	2818.000000	0.000000	3.012794
	2819.000000	1.000000	3.022623
	2820.000000	1.000000	3.139486
	2821.000000	0.000000	3.122371
	2822.000000	0.000000	3.054936
	2823.000000	1.000000	3.146771
	2824.000000	1.000000	3.049162
	2825.000000	1.000000	3.236467
	2826.000000	0.000000	3.223534
	2827.000000	0.000000	3.316563
	2828.000000	1.000000	3.297066
	2829.000000	1.000000	3.321150
	2830.000000	1.000000	3.217873
	2831.000000	1.000000	3.393606
	2832.000000	1.000000	3.208465
	2833.000000	0.000000	3.226614
	2834.000000	1.000000	3.258673
	2835.000000	0.000000	3.169877
	2836.000000	1.000000	3.264444
	2837.000000	0.000000	3.262810
	2838.000000	1.000000	3.199532
	2839.000000	1.000000	3.192172
	2840.000000	1.000000	3.163601
	2841.000000	1.000000	3.206652
	2842.000000	1.000000	3.181430
	2843.000000	1.000000	3.323261
	2844.000000	0.000000	3.177678
	2845.000000	1.000000	3.265782
	2846.000000	0.000000	3.290772
	2847.000000	0.000000	3.427574
	2848.000000	0.000000	3.497025
	2849.000000	0.000000	3.437207
	2850.000000	0.000000	3.380259
	2851.000000	1.000000	3.528570
	2852.000000	1.000000	3.498716
	2853.000000	0.000000	3.620809
	2854.000000	1.000000	3.564725
	2855.000000	0.000000	3.528160
	2856.000000	0.000000	3.626093
	2857.000000	1.000000	3.652479
	2858.000000	0.000000	3.667287
	2859.000000	0.000000	3.640595
	2860.000000	1.000000	3.758296
	2861.000000	1.000000	3.750429
	2862.000000	1.000000	3.800153
	2863.000000	0.000000	3.792373
	2864.000000	0.000000	3.822399
	2865.000000	1.000000	3.831448
	2866.000000	1.000000	3.848833
	2867.000000	0.000000	3.816252
	2868.000000	0.000000	3.771874
	2869.000000	1.000000	3.686953
	2870.000000	0.000000	3.619763
	2871.000000	1.000000	3.671952
	2872.000000	0.000000	3.743720
	2873.000000	0.000000	3.724372
	2874.000000	1.000000	3.688870
	2875.000000	0.000000	3.631207
	2876.000000	0.000000	3.672226
	2877.000000	1.000000	3.670501
	2878.000000	0.000000	3.653302
	2879.000000	0.000000	3.655376
	2880.000000	1.000000	3.636306
	2881.000000	0.000000	3.584226
	2882.000000	1.000000	3.655018
	2883.000000	1.000000	3.654051
	2884.000000	1.000000	3.583373
	2885.000000	1.000000	3.583723
	2886.000000	1.000000	3.550905
	2887.000000	1.000000	3.682331
	2888.000000	0.000000	3.598830
	2889.000000	1.000000	3.693174
	2890.000000	1.000000	3.628864
	2891.000000	0.000000	3.595340
	2892.000000	0.000000	3.446937
	2893.000000	0.000000	3.514214
	2894.000000	0.000000	3.513750
	2895.000000	1.000000	3.460628
	2896.000000	0.000000	3.425644
	2897.000000	0.000000	3.589208
	2898.000000	0.000000	3.355572
	2899.000000	0.000000	3.365148
	2900.000000	0.000000	3.316232
	2901.000000	0.000000	3.441243
	2902.000000	0.000000	3.438818
	2903.000000	0.000000	3.428912
	2904.000000	1.000000	3.648137
	2905.000000	1.000000	3.486978
	2906.000000	0.000000	3.547319
	2907.000000	0.000000	3.699856
	2908.000000	1.000000	3.690509
	2909.000000	1.000000	3.719745
	2910.000000	0.000000	3.764065
	2911.000000	0.000000	3.648908
	2912.000000	0.000000	3.615818
	2913.000000	0.000000	3.513118
	2914.000000	0.000000	3.561755
	2915.000000	1.000000	3.518765
	2916.000000	0.000000	3.483547
	2917.000000	1.000000	3.419587
	2918.000000	1.000000	3.371800
	2919.000000	0.000000	3.413018
	2920.000000	1.000000	3.210573
	2921.000000	1.000000	3.308473
	2922.000000	1.000000	3.167348
	2923.000000	1.000000	3.213296
	2924.000000	0.000000	3.297546
	2925.000000	0.000000	3.232060
	2926.000000	0.000000	3.207369
	2927.000000	1.000000	3.185575
	2928.000000	0.000000	3.124277
	2929.000000	1.000000	3.105662
	2930.000000	1.000000	3.095019
	2931.000000	1.000000	3.122758
	2932.000000	1.000000	3.094709
	2933.000000	0.000000	3.063899
	2934.000000	1.000000	3.000144
	2935.000000	0.000000	3.068119
	2936.000000	0.000000	2.907415
	2937.000000	1.000000	3.010937
	2938.000000	0.000000	3.037253
	2939.000000	1.000000	3.103907
	2940.000000	0.000000	3.083543
	2941.000000	1.000000	3.222443
	2942.000000	0.000000	3.201862
	2943.000000	0.000000	3.072814
	2944.000000	0.000000	3.108778
	2945.000000	0.000000	3.098066
	2946.000000	0.000000	3.059020
	2947.000000	1.000000	3.236138
	2948.000000	0.000000	3.193877
	2949.000000	1.000000	3.260119
	2950.000000	0.000000	3.265909
	2951.000000	0.000000	3.397184
	2952.000000	0.000000	3.369652
	2953.000000	1.000000	3.283212
	2954.000000	1.000000	3.306569
	2955.000000	1.000000	3.287966
	2956.000000	1.000000	3.387163
	2957.000000	0.000000	3.269691
	2958.000000	0.000000	3.311744
	2959.000000	1.000000	3.333118
	2960.000000	1.000000	3.332563
	2961.000000	0.000000	3.313859
	2962.000000	1.000000	3.209003
	2963.000000	0.000000	3.192661
	2964.000000	1.000000	3.159089
	2965.000000	0.000000	3.212820
	2966.000000	0.000000	3.313469
	2967.000000	0.000000	3.173694
	2968.000000	0.000000	3.137498
	2969.000000	1.000000	3.170063
	2970.000000	0.000000	3.060277
	2971.000000	1.000000	3.079282
	2972.000000	1.000000	3.119105
	2973.000000	0.000000	3.098902
	2974.000000	0.000000	3.133440
	2975.000000	1.000000	3.151169
	2976.000000	0.000000	3.171184
	2977.000000	1.000000	3.202867
	2978.000000	0.000000	3.232797
	2979.000000	0.000000	3.245615
	2980.000000	1.000000	3.243052
	2981.000000	1.000000	3.220222
	2982.000000	0.000000	3.214021
	2983.000000	1.000000	3.314237
	2984.000000	0.000000	3.129257
	2985.000000	0.000000	3.277947
	2986.000000	1.000000	3.088722
	2987.000000	1.000000	3.151581
	2988.000000	1.000000	3.220929
	2989.000000	0.000000	3.134879
	2990.000000	1.000000	3.128269
	2991.000000	1.000000	3.165264
	2992.000000	0.000000	3.204833
	2993.000000	1.000000	3.101826
	2994.000000	0.000000	3.133724
	2995.000000	1.000000	3.216756
	2996.000000	1.000000	3.165385
	2997.000000	1.000000	3.126441
	2998.000000	0.000000	3.118641
	2999.000000	1.000000	3.181163
