	0.000000	0.000000	0.715020
	1.000000	0.000000	-0.346554
	2.000000	0.000000	-0.092171
	3.000000	0.000000	-0.450134
	4.000000	0.000000	-0.626742
	5.000000	0.000000	0.638256
	6.000000	0.000000	-0.136669
	7.000000	0.000000	-0.226642
	8.000000	0.000000	0.411989
	9.000000	0.000000	1.176492
	10.000000	0.000000	-0.379821
	11.000000	0.000000	-0.295461
	12.000000	1.000000	0.117294
	13.000000	1.000000	0.807582
	14.000000	1.000000	-0.747785
	15.000000	1.000000	-0.983756
	16.000000	1.000000	-0.003959
	17.000000	1.000000	-0.156871
	18.000000	0.000000	0.091901
	19.000000	0.000000	-0.361192
	20.000000	1.000000	0.766278
	21.000000	1.000000	0.724712
	22.000000	1.000000	0.100715
	23.000000	0.000000	0.464438
	24.000000	0.000000	0.147726
	25.000000	0.000000	-0.207366
	26.000000	0.000000	0.203656
	27.000000	0.000000	1.269987
	28.000000	1.000000	0.914229
	29.000000	1.000000	2.279282
	30.000000	0.000000	3.075716
	31.000000	0.000000	4.472722
	32.000000	1.000000	5.051378
	33.000000	1.000000	5.743828
	34.000000	1.000000	6.573911
	35.000000	0.000000	6.303274
	36.000000	0.000000	7.677636
	37.000000	0.000000	7.073336
	38.000000	0.000000	9.116005
	39.000000	1.000000	9.988439
	40.000000	1.000000	9.634269
	41.000000	1.000000	10.584627
	42.000000	0.000000	11.418181
	43.000000	0.000000	11.871982
	44.000000	1.000000	11.672975
	45.000000	0.000000	12.681598
	46.000000	1.000000	13.003413
	47.000000	1.000000	14.280446
	48.000000	0.000000	14.948284
	49.000000	0.000000	15.212850
	50.000000	1.000000	14.908769
	51.000000	1.000000	16.287670
	52.000000	1.000000	16.069829
	53.000000	1.000000	17.960580
	54.000000	0.000000	16.751768
	55.000000	1.000000	16.876387
	56.000000	1.000000	17.842950
	57.000000	1.000000	18.920497
	58.000000	1.000000	19.907370
	59.000000	0.000000	19.993898
	60.000000	0.000000	20.399116
	61.000000	0.000000	20.442666
	62.000000	0.000000	21.768546
	63.000000	1.000000	22.268986
	64.000000	1.000000	21.829334
	65.000000	1.000000	22.786963
	66.000000	1.000000	23.857524
	67.000000	1.000000	24.451181
	68.000000	1.000000	24.579803
	69.000000	0.000000	25.589827
	70.000000	1.000000	25.983154
	71.000000	1.000000	27.216617
	72.000000	1.000000	27.985558
	73.000000	1.000000	27.699994
	74.000000	0.000000	28.112429
	75.000000	0.000000	27.900133
	76.000000	1.000000	29.912237
	77.000000	0.000000	29.412943
	78.000000	1.000000	29.492304
	79.000000	1.000000	30.285931
	80.000000	1.000000	30.830492
	81.000000	1.000000	32.291218
	82.000000	0.000000	31.734812
	83.000000	1.000000	32.672623
	84.000000	1.000000	33.533592
	85.000000	1.000000	34.058178
	86.000000	1.000000	34.092061
	87.000000	0.000000	35.590004
	88.000000	1.000000	35.261737
	89.000000	0.000000	36.620206
	90.000000	0.000000	36.645163
	91.000000	1.000000	36.429880
	92.000000	1.000000	36.872617
	93.000000	1.000000	37.688051
	94.000000	0.000000	37.308416
	95.000000	1.000000	37.490504
	96.000000	0.000000	38.639313
	97.000000	0.000000	39.596718
	98.000000	1.000000	40.499197
	99.000000	0.000000	39.882796
	100.000000	1.000000	40.896938
	101.000000	1.000000	40.826432
	102.000000	0.000000	41.197972
	103.000000	0.000000	41.308946
	104.000000	0.000000	41.022788
	105.000000	0.000000	41.775977
	106.000000	0.000000	41.778307
	107.000000	1.000000	42.442456
	108.000000	0.000000	42.536162
	109.000000	1.000000	42.380521
	110.000000	0.000000	41.692528
	111.000000	0.000000	42.373591
	112.000000	1.000000	42.686472
	113.000000	1.000000	43.132348
	114.000000	1.000000	42.596948
	115.000000	1.000000	42.754433
	116.000000	1.000000	41.545254
	117.000000	0.000000	42.671155
	118.000000	1.000000	42.209961
	119.000000	1.000000	41.700570
	120.000000	0.000000	42.063394
	121.000000	0.000000	41.040245
	122.000000	1.000000	41.522048
	123.000000	1.000000	41.149997
	124.000000	1.000000	41.073552
	125.000000	0.000000	40.487300
	126.000000	0.000000	40.708264
	127.000000	0.000000	40.751690
	128.000000	1.000000	39.944501
	129.000000	1.000000	39.441441
	130.000000	1.000000	40.900967
	131.000000	1.000000	39.900773
	132.000000	0.000000	40.968554
	133.000000	0.000000	39.830489
	134.000000	0.000000	39.198190
	135.000000	0.000000	40.341449
	136.000000	0.000000	41.351012
	137.000000	1.000000	41.140588
	138.000000	0.000000	40.572032
	139.000000	1.000000	39.653867
	140.000000	1.000000	39.994925
	141.000000	1.000000	41.373268
	142.000000	1.000000	41.301263
	143.000000	1.000000	40.970647
	144.000000	1.000000	41.366778
	145.000000	1.000000	40.297619
	146.000000	0.000000	39.238490
	147.000000	1.000000	41.144455
	148.000000	0.000000	40.799503
	149.000000	0.000000	40.833792
	150.000000	0.000000	40.122692
	151.000000	1.000000	39.907869
	152.000000	0.000000	38.994709
	153.000000	1.000000	39.165884
	154.000000	1.000000	40.447735
	155.000000	0.000000	39.187841
	156.000000	1.000000	40.179116
	157.000000	1.000000	39.766230
	158.000000	0.000000	39.555413
	159.000000	0.000000	40.738788
	160.000000	0.000000	40.690009
	161.000000	0.000000	42.003494
	162.000000	0.000000	41.007684
	163.000000	1.000000	40.548799
	164.000000	1.000000	41.048040
	165.000000	0.000000	40.083837
	166.000000	0.000000	40.963992
	167.000000	0.000000	41.645631
	168.000000	1.000000	39.580266
	169.000000	1.000000	41.065949
	170.000000	0.000000	40.072324
	171.000000	0.000000	41.575967
	172.000000	0.000000	40.702863
	173.000000	1.000000	41.110578
	174.000000	1.000000	39.654243
	175.000000	0.000000	39.816221
	176.000000	1.000000	39.545078
	177.000000	0.000000	39.980338
	178.000000	1.000000	39.226785
	179.000000	1.000000	39.581800
	180.000000	0.000000	38.515322
	181.000000	1.000000	38.027655
	182.000000	1.000000	38.503757
	183.000000	1.000000	37.093510
	184.000000	0.000000	38.753652
	185.000000	0.000000	37.513941
	186.000000	1.000000	37.556549
	187.000000	0.000000	37.233766
	188.000000	1.000000	37.044264
	189.000000	0.000000	36.450035
	190.000000	0.000000	37.577796
	191.000000	1.000000	36.407913
	192.000000	1.000000	37.289550
	193.000000	1.000000	38.089922
	194.000000	1.000000	35.952223
	195.000000	0.000000	36.706383
	196.000000	0.000000	37.119956
	197.000000	1.000000	37.466834
	198.000000	1.000000	36.606682
	199.000000	0.000000	36.526254
	200.000000	0.000000	37.250873
	201.000000	0.000000	37.203408
	202.000000	1.000000	36.688569
	203.000000	0.000000	37.092546
	204.000000	0.000000	38.491557
	205.000000	0.000000	36.804767
	206.000000	1.000000	36.444601
	207.000000	1.000000	37.448500
	208.000000	1.000000	37.532435
	209.000000	1.000000	36.447731
	210.000000	1.000000	37.701233
	211.000000	1.000000	38.872112
	212.000000	0.000000	36.906117
	213.000000	1.000000	37.820356
	214.000000	0.000000	37.185541
	215.000000	1.000000	38.532390
	216.000000	1.000000	38.087804
	217.000000	0.000000	38.017478
	218.000000	0.000000	35.604765
	219.000000	1.000000	37.537155
	220.000000	1.000000	36.999167
	221.000000	1.000000	36.935559
	222.000000	0.000000	37.199835
	223.000000	1.000000	36.893627
	224.000000	1.000000	37.061210
	225.000000	1.000000	37.738461
	226.000000	1.000000	38.164004
	227.000000	1.000000	38.192884
	228.000000	1.000000	38.907897
	229.000000	1.000000	38.512009
	230.000000	1.000000	37.068456
	231.000000	1.000000	38.460749
	232.000000	1.000000	38.384894
	233.000000	0.000000	39.434941
	234.000000	0.000000	39.150659
	235.000000	1.000000	40.545088
	236.000000	1.000000	39.311063
	237.000000	1.000000	40.244812
	238.000000	1.000000	40.101099
	239.000000	0.000000	39.836697
	240.000000	0.000000	40.512501
	241.000000	0.000000	41.016370
	242.000000	0.000000	41.961365
	243.000000	1.000000	43.224263
	244.000000	0.000000	44.079446
	245.000000	0.000000	41.805734
	246.000000	1.000000	43.881289
	247.000000	1.000000	43.953170
	248.000000	1.000000	44.482857
	249.000000	0.000000	44.466773
	250.000000	0.000000	44.152543
	251.000000	0.000000	45.142097
	252.000000	0.000000	45.409410
	253.000000	0.000000	44.306642
	254.000000	0.000000	45.146798
	255.000000	1.000000	46.601357
	256.000000	0.000000	44.979339
	257.000000	0.000000	45.065891
	258.000000	1.000000	44.361012
	259.000000	1.000000	44.946501
	260.000000	0.000000	45.149916
	261.000000	0.000000	44.066660
	262.000000	1.000000	43.461382
	263.000000	0.000000	44.924838
	264.000000	0.000000	43.488320
	265.000000	0.000000	42.674741
	266.000000	1.000000	44.040094
	267.000000	1.000000	43.544689
	268.000000	0.000000	42.902866
	269.000000	0.000000	43.010088
	270.000000	0.000000	42.457659
	271.000000	0.000000	42.096166
	272.000000	0.000000	41.227012
	273.000000	1.000000	40.217978
	274.000000	1.000000	41.181409
	275.000000	0.000000	39.050194
	276.000000	1.000000	39.814556
	277.000000	0.000000	39.250211
	278.000000	1.000000	38.889361
	279.000000	1.000000	39.050013
	280.000000	0.000000	37.863422
	281.000000	0.000000	38.190081
	282.000000	1.000000	37.805261
	283.000000	1.000000	38.573979
	284.000000	0.000000	36.167781
	285.000000	0.000000	36.920445
	286.000000	1.000000	35.250625
	287.000000	1.000000	35.890154
	288.000000	1.000000	35.115373
	289.000000	1.000000	34.458560
	290.000000	0.000000	35.383198
	291.000000	1.000000	36.149659
	292.000000	0.000000	34.017075
	293.000000	1.000000	36.054213
	294.000000	1.000000	34.055174
	295.000000	0.000000	34.888007
	296.000000	0.000000	34.008444
	297.000000	0.000000	34.596954
	298.000000	1.000000	34.436858
	299.000000	1.000000	33.861919
	300.000000	0.000000	35.044738
	301.000000	1.000000	34.710429
	302.000000	1.000000	34.887579
	303.000000	0.000000	35.382751
	304.000000	1.000000	35.672484
	305.000000	0.000000	35.528583
	306.000000	1.000000	34.356190
	307.000000	1.000000	34.453075
	308.000000	0.000000	35.265368
	309.000000	1.000000	36.497446
	310.000000	1.000000	35.463720
	311.000000	0.000000	35.834430
	312.000000	0.000000	36.493327
	313.000000	0.000000	36.980846
	314.000000	1.000000	35.371219
	315.000000	0.000000	35.865783
	316.000000	1.000000	36.417399
	317.000000	1.000000	36.869615
	318.000000	0.000000	36.151954
	319.000000	0.000000	35.803689
	320.000000	1.000000	36.704294
	321.000000	1.000000	37.442316
	322.000000	0.000000	37.550657
	323.000000	0.000000	37.542913
	324.000000	0.000000	37.689366
	325.000000	1.000000	36.882229
	326.000000	1.000000	36.678766
	327.000000	1.000000	37.265654
	328.000000	0.000000	37.268467
	329.000000	1.000000	36.986806
	330.000000	1.000000	38.566736
	331.000000	1.000000	36.143898
	332.000000	0.000000	38.559101
	333.000000	0.000000	37.116832
	334.000000	0.000000	36.845893
	335.000000	1.000000	37.402558
	336.000000	1.000000	37.529799
	337.000000	1.000000	37.514387
	338.000000	0.000000	37.440079
	339.000000	1.000000	37.703036
	340.000000	0.000000	37.295872
	341.000000	0.000000	38.054589
	342.000000	0.000000	36.710084
	343.000000	0.000000	37.626519
	344.000000	0.000000	38.381279
	345.000000	1.000000	37.442263
	346.000000	0.000000	38.183173
	347.000000	0.000000	38.868690
	348.000000	1.000000	37.648638
	349.000000	0.000000	39.337891
	350.000000	0.000000	38.406661
	351.000000	1.000000	38.694219
	352.000000	1.000000	37.222175
	353.000000	0.000000	37.825953
	354.000000	0.000000	39.072181
	355.000000	1.000000	37.687156
	356.000000	1.000000	39.128433
	357.000000	1.000000	38.378191
	358.000000	0.000000	37.060188
	359.000000	1.000000	36.847271
	360.000000	1.000000	37.462710
	361.000000	0.000000	36.192009
	362.000000	1.000000	37.399876
	363.000000	1.000000	35.583231
	364.000000	1.000000	36.265409
	365.000000	1.000000	35.229484
	366.000000	1.000000	35.991926
	367.000000	0.000000	34.613312
	368.000000	1.000000	35.556479
	369.000000	1.000000	34.904904
	370.000000	0.000000	34.637850
	371.000000	1.000000	35.947809
	372.000000	0.000000	35.676694
	373.000000	1.000000	35.160217
	374.000000	1.000000	35.140985
	375.000000	0.000000	35.758214
	376.000000	0.000000	36.235573
	377.000000	1.000000	36.456955
	378.000000	0.000000	36.760015
	379.000000	0.000000	38.244491
	380.000000	0.000000	37.956390
	381.000000	1.000000	37.677403
	382.000000	1.000000	38.132992
	383.000000	1.000000	39.070589
	384.000000	0.000000	38.547876
	385.000000	0.000000	39.086486
	386.000000	0.000000	38.343042
	387.000000	0.000000	39.601043
	388.000000	1.000000	39.426076
	389.000000	0.000000	40.526602
	390.000000	0.000000	40.073190
	391.000000	0.000000	38.777550
	392.000000	0.000000	38.867966
	393.000000	1.000000	39.914014
	394.000000	0.000000	39.640344
	395.000000	0.000000	40.239926
	396.000000	0.000000	39.555774
	397.000000	1.000000	39.168202
	398.000000	1.000000	40.722791
	399.000000	1.000000	40.278912
	400.000000	0.000000	39.127640
	401.000000	0.000000	38.573263
	402.000000	1.000000	37.811767
	403.000000	0.000000	38.952661
	404.000000	1.000000	37.652811
	405.000000	0.000000	38.176388
	406.000000	0.000000	36.425460
	407.000000	0.000000	36.444743
	408.000000	1.000000	36.253050
	409.000000	1.000000	36.605416
	410.000000	1.000000	35.276487
	411.000000	0.000000	35.566058
	412.000000	0.000000	35.765856
	413.000000	0.000000	35.779885
	414.000000	1.000000	35.092501
	415.000000	1.000000	35.519327
	416.000000	0.000000	34.656856
	417.000000	0.000000	34.784808
	418.000000	0.000000	34.736328
	419.000000	0.000000	35.109139
	420.000000	0.000000	33.784017
	421.000000	0.000000	33.813980
	422.000000	1.000000	34.677417
	423.000000	0.000000	34.802776
	424.000000	1.000000	34.062756
	425.000000	0.000000	33.056810
	426.000000	1.000000	32.974418
	427.000000	0.000000	34.489313
	428.000000	0.000000	33.773115
	429.000000	1.000000	33.115018
	430.000000	1.000000	33.502006
	431.000000	1.000000	33.286430
	432.000000	1.000000	33.579355
	433.000000	0.000000	32.296725
	434.000000	1.000000	32.363520
	435.000000	1.000000	31.976084
	436.000000	1.000000	33.152249
	437.000000	0.000000	32.172144
	438.000000	0.000000	31.283142
	439.000000	0.000000	30.634590
	440.000000	0.000000	31.312998
	441.000000	0.000000	31.106425
	442.000000	1.000000	30.686922
	443.000000	0.000000	30.446935
	444.000000	1.000000	30.926308
	445.000000	0.000000	30.467283
	446.000000	1.000000	30.607679
	447.000000	1.000000	32.020185
	448.000000	1.000000	32.120733
	449.000000	1.000000	32.227325
	450.000000	1.000000	31.926671
	451.000000	1.000000	31.545549
	452.000000	1.000000	33.056218
	453.000000	1.000000	32.638989
	454.000000	0.000000	32.174805
	455.000000	0.000000	33.169061
	456.000000	0.000000	31.411244
	457.000000	0.000000	31.780383
	458.000000	1.000000	31.795922
	459.000000	1.000000	31.681153
	460.000000	0.000000	31.260433
	461.000000	0.000000	32.268583
	462.000000	1.000000	33.373066
	463.000000	1.000000	32.966605
	464.000000	0.000000	34.898192
	465.000000	1.000000	33.865639
	466.000000	0.000000	34.698507
	467.000000	0.000000	34.887125
	468.000000	0.000000	34.639091
	469.000000	1.000000	35.627174
	470.000000	0.000000	34.939763
	471.000000	0.000000	37.259651
	472.000000	1.000000	35.197050
	473.000000	1.000000	35.695122
	474.000000	1.000000	36.423564
	475.000000	1.000000	35.507581
	476.000000	0.000000	36.345659
	477.000000	1.000000	35.635623
	478.000000	0.000000	36.103047
	479.000000	0.000000	37.737183
	480.000000	0.000000	34.926012
	481.000000	0.000000	36.936117
	482.000000	0.000000	36.578277
	483.000000	0.000000	37.195039
	484.000000	1.000000	35.922593
	485.000000	0.000000	35.252959
	486.000000	1.000000	34.982188
	487.000000	0.000000	37.197677
	488.000000	0.000000	35.427328
	489.000000	0.000000	36.508225
	490.000000	0.000000	36.173170
	491.000000	1.000000	36.293946
	492.000000	1.000000	37.239925
	493.000000	1.000000	36.407734
	494.000000	0.000000	35.671345
	495.000000	0.000000	37.140335
	496.000000	0.000000	35.648950
	497.000000	1.000000	35.183808
	498.000000	1.000000	35.130050
	499.000000	1.000000	36.100959
	500.000000	0.000000	34.869429
	501.000000	0.000000	34.082140
	502.000000	0.000000	34.364941
	503.000000	0.000000	34.872989
	504.000000	0.000000	34.486909
	505.000000	0.000000	32.293064
	506.000000	0.000000	33.240760
	507.000000	0.000000	33.265045
	508.000000	0.000000	32.285745
	509.000000	1.000000	33.284530
	510.000000	1.000000	32.764124
	511.000000	0.000000	33.277173
	512.000000	1.000000	33.733857
	513.000000	1.000000	32.937487
	514.000000	1.000000	33.655895
	515.000000	0.000000	32.299601
	516.000000	0.000000	31.529661
	517.000000	0.000000	31.762146
	518.000000	1.000000	32.177675
	519.000000	0.000000	31.658572
	520.000000	0.000000	31.205535
	521.000000	0.000000	30.534799
	522.000000	1.000000	29.748718
	523.000000	0.000000	30.567443
	524.000000	0.000000	29.357265
	525.000000	1.000000	29.891258
	526.000000	1.000000	30.359792
	527.000000	1.000000	30.047475
	528.000000	0.000000	30.074820
	529.000000	0.000000	29.766060
	530.000000	1.000000	28.801938
	531.000000	0.000000	29.883332
	532.000000	0.000000	29.345475
	533.000000	0.000000	29.740221
	534.000000	1.000000	29.230632
	535.000000	0.000000	30.607147
	536.000000	1.000000	28.767931
	537.000000	1.000000	29.049011
	538.000000	0.000000	29.436943
	539.000000	0.000000	28.473875
	540.000000	0.000000	29.343892
	541.000000	0.000000	29.256833
	542.000000	0.000000	30.236442
	543.000000	0.000000	29.080173
	544.000000	0.000000	28.180257
	545.000000	1.000000	28.466306
	546.000000	0.000000	29.168973
	547.000000	0.000000	29.421898
	548.000000	1.000000	29.211500
	549.000000	0.000000	29.362527
	550.000000	1.000000	28.970244
	551.000000	0.000000	28.743459
	552.000000	1.000000	30.555874
	553.000000	0.000000	28.476606
	554.000000	0.000000	28.655080
	555.000000	1.000000	28.119910
	556.000000	0.000000	28.510618
	557.000000	0.000000	27.992477
	558.000000	1.000000	27.815885
	559.000000	0.000000	27.693496
	560.000000	1.000000	27.703792
	561.000000	1.000000	28.860742
	562.000000	0.000000	27.324306
	563.000000	1.000000	27.212633
	564.000000	1.000000	27.383740
	565.000000	1.000000	27.594641
	566.000000	0.000000	27.745153
	567.000000	1.000000	26.702705
	568.000000	0.000000	26.153811
	569.000000	0.000000	27.706673
	570.000000	1.000000	27.168480
	571.000000	0.000000	27.250383
	572.000000	0.000000	27.016805
	573.000000	0.000000	27.558368
	574.000000	0.000000	26.492164
	575.000000	0.000000	26.502156
	576.000000	0.000000	27.525852
	577.000000	0.000000	28.043133
	578.000000	1.000000	28.253669
	579.000000	0.000000	28.413389
	580.000000	1.000000	28.655526
	581.000000	0.000000	28.527625
	582.000000	0.000000	30.106640
	583.000000	1.000000	28.852479
	584.000000	0.000000	29.175493
	585.000000	1.000000	28.824832
	586.000000	1.000000	30.482533
	587.000000	1.000000	29.968778
	588.000000	0.000000	29.848617
	589.000000	1.000000	29.081359
	590.000000	0.000000	29.313723
	591.000000	0.000000	28.593352
	592.000000	1.000000	29.511105
	593.000000	1.000000	27.802767
	594.000000	1.000000	27.638282
	595.000000	0.000000	27.889758
	596.000000	0.000000	27.318085
	597.000000	0.000000	28.788870
	598.000000	0.000000	26.592036
	599.000000	1.000000	28.689187
	600.000000	0.000000	27.727368
	601.000000	1.000000	29.132977
	602.000000	0.000000	28.601671
	603.000000	0.000000	29.135865
	604.000000	1.000000	29.099516
	605.000000	0.000000	29.077903
	606.000000	0.000000	28.511366
	607.000000	1.000000	29.883005
	608.000000	1.000000	29.542224
	609.000000	0.000000	29.714102
	610.000000	1.000000	29.464896
	611.000000	0.000000	30.369135
	612.000000	1.000000	29.698400
	613.000000	1.000000	29.538688
	614.000000	0.000000	29.574337
	615.000000	1.000000	28.991044
	616.000000	0.000000	29.865539
	617.000000	1.000000	30.036602
	618.000000	0.000000	29.992315
	619.000000	0.000000	31.324431
	620.000000	1.000000	30.431854
	621.000000	0.000000	30.203320
	622.000000	0.000000	29.430201
	623.000000	0.000000	29.649891
	624.000000	1.000000	30.065264
	625.000000	1.000000	31.184549
	626.000000	1.000000	30.447890
	627.000000	0.000000	29.514036
	628.000000	1.000000	30.471730
	629.000000	0.000000	32.119989
	630.000000	0.000000	31.929896
	631.000000	1.000000	30.729526
	632.000000	0.000000	31.202773
	633.000000	0.000000	32.186881
	634.000000	1.000000	31.129921
	635.000000	0.000000	31.553519
	636.000000	0.000000	30.887113
	637.000000	0.000000	31.334842
	638.000000	0.000000	31.052481
	639.000000	1.000000	32.523849
	640.000000	1.000000	31.547638
	641.000000	1.000000	31.167135
	642.000000	1.000000	32.670805
	643.000000	0.000000	32.499372
	644.000000	1.000000	31.556020
	645.000000	1.000000	32.699646
	646.000000	1.000000	32.372197
	647.000000	1.000000	32.092281
	648.000000	1.000000	32.904015
	649.000000	0.000000	32.402080
	650.000000	0.000000	32.924607
	651.000000	0.000000	32.853312
	652.000000	1.000000	32.084868
	653.000000	1.000000	30.987529
	654.000000	0.000000	31.879497
	655.000000	1.000000	33.051903
	656.000000	0.000000	32.093817
	657.000000	1.000000	32.569399
	658.000000	0.000000	32.895302
	659.000000	0.000000	31.557204
	660.000000	1.000000	34.056563
	661.000000	1.000000	33.564349
	662.000000	1.000000	33.393911
	663.000000	0.000000	34.714861
	664.000000	1.000000	34.089778
	665.000000	1.000000	35.378799
	666.000000	1.000000	35.375560
	667.000000	1.000000	36.092047
	668.000000	0.000000	35.014821
	669.000000	1.000000	35.642461
	670.000000	1.000000	35.487652
	671.000000	1.000000	35.680491
	672.000000	1.000000	35.272061
	673.000000	1.000000	35.686884
	674.000000	1.000000	36.803641
	675.000000	0.000000	36.089428
	676.000000	0.000000	35.664831
	677.000000	1.000000	36.935745
	678.000000	1.000000	36.823938
	679.000000	0.000000	37.658363
	680.000000	0.000000	37.776276
	681.000000	0.000000	37.128270
	682.000000	0.000000	38.021343
	683.000000	0.000000	38.740886
	684.000000	0.000000	38.548573
	685.000000	0.000000	38.398985
	686.000000	1.000000	39.474006
	687.000000	1.000000	38.766406
	688.000000	0.000000	40.399206
	689.000000	1.000000	41.006328
	690.000000	0.000000	40.701579
	691.000000	1.000000	41.786004
	692.000000	0.000000	40.496926
	693.000000	0.000000	42.512577
	694.000000	0.000000	40.384824
	695.000000	1.000000	41.344164
	696.000000	1.000000	40.982125
	697.000000	0.000000	41.829607
	698.000000	1.000000	41.398141
	699.000000	1.000000	39.983420
	700.000000	0.000000	39.922933
	701.000000	1.000000	39.590421
	702.000000	1.000000	40.778838
	703.000000	1.000000	40.521210
	704.000000	1.000000	40.403932
	705.000000	0.000000	40.177167
	706.000000	1.000000	39.314316
	707.000000	1.000000	38.403757
	708.000000	1.000000	40.295445
	709.000000	0.000000	37.946829
	710.000000	1.000000	38.285053
	711.000000	1.000000	38.923279
	712.000000	0.000000	38.694083
	713.000000	0.000000	38.102664
	714.000000	1.000000	37.796791
	715.000000	0.000000	37.921644
	716.000000	0.000000	38.413081
	717.000000	1.000000	39.398952
	718.000000	0.000000	39.777650
	719.000000	0.000000	39.766894
	720.000000	1.000000	39.721739
	721.000000	0.000000	40.439906
	722.000000	0.000000	39.134233
	723.000000	1.000000	40.078945
	724.000000	1.000000	40.487916
	725.000000	1.000000	42.236789
	726.000000	1.000000	42.051505
	727.000000	1.000000	40.112926
	728.000000	1.000000	41.174650
	729.000000	1.000000	40.615644
	730.000000	0.000000	40.292984
	731.000000	0.000000	40.844593
	732.000000	0.000000	41.269116
	733.000000	1.000000	40.123382
	734.000000	0.000000	40.949935
	735.000000	1.000000	39.184100
	736.000000	0.000000	39.210863
	737.000000	0.000000	40.018202
	738.000000	1.000000	40.677552
	739.000000	0.000000	39.232820
	740.000000	1.000000	40.748363
	741.000000	0.000000	40.310161
	742.000000	1.000000	40.195603
	743.000000	0.000000	39.988610
	744.000000	1.000000	39.836283
	745.000000	0.000000	41.394229
	746.000000	0.000000	40.535672
	747.000000	0.000000	41.183005
	748.000000	1.000000	39.082313
	749.000000	0.000000	40.383005
	750.000000	0.000000	40.567207
	751.000000	0.000000	39.732832
	752.000000	1.000000	40.221806
	753.000000	0.000000	38.833425
	754.000000	1.000000	40.767583
	755.000000	0.000000	39.563759
	756.000000	1.000000	38.417517
	757.000000	1.000000	39.161030
	758.000000	0.000000	38.812566
	759.000000	0.000000	39.357869
	760.000000	0.000000	38.711857
	761.000000	1.000000	39.745003
	762.000000	1.000000	38.075465
	763.000000	1.000000	37.569849
	764.000000	1.000000	38.017321
	765.000000	1.000000	37.350217
	766.000000	0.000000	37.688273
	767.000000	1.000000	37.029904
	768.000000	0.000000	36.688801
	769.000000	0.000000	36.646703
	770.000000	1.000000	36.190558
	771.000000	1.000000	35.157577
	772.000000	1.000000	35.654427
	773.000000	1.000000	35.902601
	774.000000	1.000000	36.635810
	775.000000	0.000000	35.349702
	776.000000	0.000000	34.854568
	777.000000	1.000000	35.257475
	778.000000	0.000000	36.466317
	779.000000	0.000000	36.445365
	780.000000	1.000000	35.905750
	781.000000	1.000000	36.362662
	782.000000	0.000000	37.028907
	783.000000	0.000000	37.608340
	784.000000	1.000000	36.883559
	785.000000	0.000000	37.989304
	786.000000	1.000000	36.280747
	787.000000	0.000000	36.721242
	788.000000	1.000000	37.401248
	789.000000	1.000000	37.834631
	790.000000	0.000000	37.790856
	791.000000	0.000000	37.674130
	792.000000	1.000000	37.627069
	793.000000	0.000000	38.118056
	794.000000	1.000000	38.500450
	795.000000	1.000000	38.877902
	796.000000	1.000000	39.529594
	797.000000	1.000000	39.600800
	798.000000	1.000000	38.185023
	799.000000	0.000000	38.651425
	800.000000	1.000000	38.383063
	801.000000	1.000000	38.594642
	802.000000	1.000000	39.699518
	803.000000	0.000000	38.063942
	804.000000	0.000000	38.093909
	805.000000	1.000000	38.119062
	806.000000	1.000000	38.587370
	807.000000	0.000000	38.105930
	808.000000	1.000000	38.048675
	809.000000	0.000000	37.768645
	810.000000	1.000000	38.103500
	811.000000	1.000000	38.656669
	812.000000	0.000000	39.325034
	813.000000	0.000000	39.807582
	814.000000	0.000000	38.936723
	815.000000	1.000000	40.959829
	816.000000	0.000000	39.551156
	817.000000	0.000000	39.591093
	818.000000	1.000000	40.198321
	819.000000	1.000000	40.376799
	820.000000	0.000000	40.210367
	821.000000	1.000000	39.154879
	822.000000	1.000000	41.165307
	823.000000	1.000000	40.535796
	824.000000	0.000000	40.714694
	825.000000	0.000000	41.286605
	826.000000	1.000000	40.828588
	827.000000	0.000000	40.419365
	828.000000	0.000000	40.739606
	829.000000	0.000000	40.244125
	830.000000	0.000000	39.910579
	831.000000	1.000000	40.876233
	832.000000	1.000000	40.520732
	833.000000	1.000000	40.862770
	834.000000	0.000000	39.246622
	835.000000	0.000000	40.523063
	836.000000	1.000000	41.428337
	837.000000	1.000000	40.409101
	838.000000	1.000000	40.035647
	839.000000	1.000000	39.642329
	840.000000	0.000000	39.585937
	841.000000	0.000000	39.228481
	842.000000	1.000000	39.566797
	843.000000	0.000000	39.909688
	844.000000	1.000000	38.976898
	845.000000	0.000000	39.595607
	846.000000	0.000000	39.751644
	847.000000	1.000000	38.547478
	848.000000	0.000000	39.245610
	849.000000	1.000000	39.700413
	850.000000	1.000000	38.838543
	851.000000	0.000000	39.240678
	852.000000	0.000000	39.622126
	853.000000	1.000000	39.584048
	854.000000	0.000000	39.659771
	855.000000	0.000000	39.255167
	856.000000	1.000000	40.308883
	857.000000	0.000000	39.029591
	858.000000	1.000000	39.699783
	859.000000	1.000000	38.785205
	860.000000	0.000000	38.590659
	861.000000	0.000000	37.949081
	862.000000	1.000000	38.744760
	863.000000	1.000000	39.322765
	864.000000	0.000000	37.438060
	865.000000	1.000000	39.111998
	866.000000	0.000000	38.652279
	867.000000	1.000000	37.535212
	868.000000	1.000000	37.918409
	869.000000	1.000000	37.569138
	870.000000	0.000000	37.827616
	871.000000	0.000000	37.567175
	872.000000	1.000000	38.194579
	873.000000	0.000000	37.924394
	874.000000	0.000000	37.578117
	875.000000	0.000000	37.500076
	876.000000	1.000000	37.308577
	877.000000	1.000000	37.486626
	878.000000	1.000000	37.546200
	879.000000	1.000000	36.951940
	880.000000	0.000000	36.703258
	881.000000	0.000000	37.455807
	882.000000	0.000000	37.824340
	883.000000	1.000000	37.836004
	884.000000	0.000000	36.976306
	885.000000	1.000000	37.962083
	886.000000	0.000000	37.551754
	887.000000	1.000000	36.274336
	888.000000	1.000000	37.747296
	889.000000	0.000000	37.251739
	890.000000	1.000000	37.531505
	891.000000	0.000000	37.040709
	892.000000	1.000000	37.255820
	893.000000	1.000000	38.201152
	894.000000	1.000000	38.056378
	895.000000	1.000000	37.525139
	896.000000	0.000000	36.913052
	897.000000	0.000000	36.580456
	898.000000	0.000000	36.835026
	899.000000	0.000000	38.280342
	900.000000	0.000000	36.847557
	901.000000	0.000000	37.009077
	902.000000	1.000000	37.536117
	903.000000	1.000000	36.880441
	904.000000	1.000000	37.413843
	905.000000	1.000000	37.186431
	906.000000	1.000000	37.037684
	907.000000	0.000000	36.799237
	908.000000	0.000000	38.307582
	909.000000	0.000000	38.223717
	910.000000	1.000000	37.148411
	911.000000	1.000000	38.318088
	912.000000	1.000000	37.170206
	913.000000	1.000000	37.173509
	914.000000	0.000000	37.395327
	915.000000	1.000000	37.195279
	916.000000	0.000000	37.616434
	917.000000	0.000000	36.608494
	918.000000	0.000000	36.698959
	919.000000	1.000000	36.494669
	920.000000	0.000000	36.490517
	921.000000	0.000000	36.955000
	922.000000	1.000000	37.762520
	923.000000	0.000000	37.843995
	924.000000	1.000000	37.524864
	925.000000	1.000000	37.547611
	926.000000	0.000000	37.457142
	927.000000	1.000000	37.780163
	928.000000	0.000000	37.546984
	929.000000	1.000000	37.131804
	930.000000	0.000000	38.162044
	931.000000	1.000000	37.704446
	932.000000	0.000000	37.353324
	933.000000	0.000000	37.305763
	934.000000	0.000000	36.838208
	935.000000	0.000000	37.589700
	936.000000	1.000000	37.837215
	937.000000	0.000000	37.419186
	938.000000	0.000000	36.328429
	939.000000	1.000000	38.725363
	940.000000	0.000000	37.593877
	941.000000	0.000000	37.338064
	942.000000	1.000000	36.936933
	943.000000	0.000000	37.952256
	944.000000	0.000000	38.170522
	945.000000	0.000000	37.545958
	946.000000	1.000000	37.349402
	947.000000	1.000000	37.199474
	948.000000	1.000000	36.925863
	949.000000	1.000000	36.203288
	950.000000	1.000000	35.871447
	951.000000	0.000000	36.021235
	952.000000	0.000000	36.524764
	953.000000	1.000000	34.388623
	954.000000	0.000000	35.522194
	955.000000	1.000000	35.302318
	956.000000	1.000000	35.826153
	957.000000	1.000000	35.338806
	958.000000	0.000000	35.347763
	959.000000	0.000000	34.312286
	960.000000	1.000000	34.726929
	961.000000	1.000000	33.976084
	962.000000	1.000000	33.553889
	963.000000	1.000000	34.361493
	964.000000	1.000000	33.624983
	965.000000	1.000000	32.994183
	966.000000	1.000000	34.836186
	967.000000	0.000000	34.521705
	968.000000	1.000000	32.966158
	969.000000	0.000000	33.911693
	970.000000	1.000000	34.921723
	971.000000	0.000000	34.271969
	972.000000	1.000000	35.362115
	973.000000	0.000000	34.371288
	974.000000	1.000000	34.790082
	975.000000	1.000000	35.995845
	976.000000	1.000000	35.235134
	977.000000	1.000000	35.929266
	978.000000	0.000000	35.599088
	979.000000	0.000000	37.922780
	980.000000	0.000000	37.810576
	981.000000	1.000000	38.706351
	982.000000	0.000000	37.869002
	983.000000	0.000000	37.990556
	984.000000	1.000000	38.699091
	985.000000	1.000000	39.643121
	986.000000	1.000000	38.123568
	987.000000	0.000000	39.413278
	988.000000	1.000000	37.709516
	989.000000	1.000000	39.896213
	990.000000	0.000000	38.980359
	991.000000	0.000000	40.717602
	992.000000	0.000000	41.187018
	993.000000	1.000000	40.612925
	994.000000	1.000000	40.028734
	995.000000	1.000000	40.758660
	996.000000	0.000000	41.113134
	997.000000	0.000000	40.878873
	998.000000	0.000000	41.412432
	999.000000	1.000000	39.255721
	1000.000000	0.000000	41.160387
	1001.000000	0.000000	40.076328
	1002.000000	0.000000	40.805352
	1003.000000	0.000000	41.003242
	1004.000000	0.000000	40.394212
	1005.000000	0.000000	41.270074
	1006.000000	1.000000	40.629997
	1007.000000	1.000000	41.465942
	1008.000000	1.000000	41.220948
	1009.000000	1.000000	40.195822
	1010.000000	0.000000	40.695887
	1011.000000	0.000000	40.987389
	1012.000000	0.000000	39.867979
	1013.000000	0.000000	40.134539
	1014.000000	1.000000	40.434023
	1015.000000	1.000000	39.031090
	1016.000000	0.000000	39.199129
	1017.000000	1.000000	39.730472
	1018.000000	1.000000	39.019055
	1019.000000	1.000000	38.444839
	1020.000000	0.000000	37.782856
	1021.000000	1.000000	38.150697
	1022.000000	0.000000	38.109459
	1023.000000	1.000000	38.517794
	1024.000000	0.000000	38.258620
	1025.000000	0.000000	36.356956
	1026.000000	0.000000	36.478230
	1027.000000	0.000000	36.657412
	1028.000000	0.000000	36.741794
	1029.000000	1.000000	37.107492
	1030.000000	1.000000	35.528607
	1031.000000	1.000000	36.626412
	1032.000000	0.000000	36.910598
	1033.000000	0.000000	35.598889
	1034.000000	0.000000	36.199316
	1035.000000	1.000000	37.535644
	1036.000000	0.000000	36.696274
	1037.000000	1.000000	36.040148
	1038.000000	0.000000	36.000412
	1039.000000	0.000000	36.199554
	1040.000000	0.000000	35.361581
	1041.000000	0.000000	35.554772
	1042.000000	1.000000	36.050506
	1043.000000	0.000000	35.713017
	1044.000000	1.000000	35.111368
	1045.000000	0.000000	35.960401
	1046.000000	0.000000	34.125107
	1047.000000	0.000000	35.171568
	1048.000000	1.000000	34.036774
	1049.000000	0.000000	34.982159
	1050.000000	1.000000	34.060539
	1051.000000	1.000000	34.910787
	1052.000000	0.000000	33.671919
	1053.000000	0.000000	34.728239
	1054.000000	1.000000	32.638341
	1055.000000	0.000000	33.503178
	1056.000000	0.000000	32.811922
	1057.000000	0.000000	33.015809
	1058.000000	0.000000	33.244104
	1059.000000	1.000000	32.916024
	1060.000000	1.000000	31.808262
	1061.000000	0.000000	31.970545
	1062.000000	0.000000	31.701594
	1063.000000	0.000000	32.755357
	1064.000000	1.000000	32.153883
	1065.000000	1.000000	32.249446
	1066.000000	1.000000	31.691597
	1067.000000	0.000000	31.172444
	1068.000000	0.000000	30.951742
	1069.000000	1.000000	30.445662
	1070.000000	1.000000	31.905963
	1071.000000	0.000000	30.754241
	1072.000000	0.000000	30.626105
	1073.000000	0.000000	29.870096
	1074.000000	0.000000	30.798401
	1075.000000	1.000000	30.252720
	1076.000000	0.000000	30.166713
	1077.000000	0.000000	29.802507
	1078.000000	1.000000	30.113430
	1079.000000	1.000000	30.801459
	1080.000000	0.000000	31.006005
	1081.000000	0.000000	29.118083
	1082.000000	0.000000	30.009685
	1083.000000	0.000000	30.075479
	1084.000000	0.000000	30.158038
	1085.000000	0.000000	29.961512
	1086.000000	1.000000	29.798695
	1087.000000	1.000000	31.118335
	1088.000000	1.000000	29.762066
	1089.000000	0.000000	28.971180
	1090.000000	1.000000	29.545295
	1091.000000	0.000000	30.250543
	1092.000000	0.000000	31.014340
	1093.000000	0.000000	29.946913
	1094.000000	1.000000	28.443724
	1095.000000	0.000000	28.864848
	1096.000000	1.000000	29.442946
	1097.000000	0.000000	29.109635
	1098.000000	0.000000	28.676995
	1099.000000	1.000000	28.417610
	1100.000000	1.000000	28.896735
	1101.000000	0.000000	29.866851
	1102.000000	0.000000	27.805543
	1103.000000	1.000000	27.536852
	1104.000000	0.000000	29.063912
	1105.000000	1.000000	28.950292
	1106.000000	1.000000	27.916287
	1107.000000	1.000000	28.838855
	1108.000000	1.000000	28.762816
	1109.000000	0.000000	28.545703
	1110.000000	0.000000	27.722542
	1111.000000	1.000000	28.417376
	1112.000000	1.000000	28.872022
	1113.000000	1.000000	28.788620
	1114.000000	0.000000	28.267762
	1115.000000	1.000000	28.580375
	1116.000000	1.000000	28.149510
	1117.000000	0.000000	29.381663
	1118.000000	0.000000	28.390678
	1119.000000	1.000000	29.019863
	1120.000000	1.000000	29.672606
	1121.000000	1.000000	29.817696
	1122.000000	1.000000	30.601982
	1123.000000	0.000000	30.326189
	1124.000000	0.000000	30.441821
	1125.000000	1.000000	29.883500
	1126.000000	1.000000	31.427945
	1127.000000	1.000000	32.107164
	1128.000000	0.000000	30.821424
	1129.000000	0.000000	33.010028
	1130.000000	1.000000	31.619182
	1131.000000	0.000000	32.529308
	1132.000000	0.000000	33.127638
	1133.000000	1.000000	33.295874
	1134.000000	1.000000	33.921243
	1135.000000	0.000000	33.762666
	1136.000000	1.000000	35.211788
	1137.000000	1.000000	34.220751
	1138.000000	0.000000	35.117744
	1139.000000	1.000000	36.068709
	1140.000000	0.000000	35.076718
	1141.000000	1.000000	36.364621
	1142.000000	0.000000	35.315624
	1143.000000	0.000000	36.254251
	1144.000000	1.000000	37.351566
	1145.000000	1.000000	36.991601
	1146.000000	0.000000	37.524366
	1147.000000	0.000000	37.588758
	1148.000000	1.000000	36.300941
	1149.000000	1.000000	36.498717
	1150.000000	1.000000	36.923606
	1151.000000	1.000000	36.665570
	1152.000000	1.000000	37.415828
	1153.000000	1.000000	36.994849
	1154.000000	0.000000	38.173050
	1155.000000	1.000000	36.765546
	1156.000000	1.000000	37.119856
	1157.000000	0.000000	38.014140
	1158.000000	1.000000	37.877443
	1159.000000	0.000000	37.638034
	1160.000000	0.000000	37.928504
	1161.000000	1.000000	37.687357
	1162.000000	0.000000	38.103641
	1163.000000	0.000000	37.626865
	1164.000000	1.000000	38.790049
	1165.000000	0.000000	39.062726
	1166.000000	1.000000	39.623584
	1167.000000	0.000000	39.326662
	1168.000000	0.000000	38.685139
	1169.000000	1.000000	41.210699
	1170.000000	1.000000	38.250515
	1171.000000	1.000000	40.947670
	1172.000000	0.000000	41.007937
	1173.000000	0.000000	40.028702
	1174.000000	0.000000	40.420329
	1175.000000	1.000000	40.154695
	1176.000000	1.000000	40.708990
	1177.000000	0.000000	40.047746
	1178.000000	1.000000	40.763992
	1179.000000	0.000000	40.263246
	1180.000000	0.000000	41.510541
	1181.000000	0.000000	39.513790
	1182.000000	0.000000	40.194772
	1183.000000	1.000000	41.001554
	1184.000000	1.000000	40.161051
	1185.000000	1.000000	40.240189
	1186.000000	1.000000	39.298626
	1187.000000	1.000000	38.806051
	1188.000000	0.000000	40.445981
	1189.000000	1.000000	38.885439
	1190.000000	1.000000	40.017221
	1191.000000	1.000000	40.593861
	1192.000000	1.000000	39.202384
	1193.000000	1.000000	40.032631
	1194.000000	1.000000	38.298660
	1195.000000	1.000000	37.795456
	1196.000000	0.000000	37.970167
	1197.000000	1.000000	38.657383
	1198.000000	1.000000	37.079464
	1199.000000	0.000000	39.285080
	1200.000000	0.000000	39.237456
	1201.000000	1.000000	39.572082
	1202.000000	0.000000	38.484187
	1203.000000	1.000000	39.716397
	1204.000000	0.000000	40.116522
	1205.000000	0.000000	39.063207
	1206.000000	0.000000	40.053729
	1207.000000	1.000000	40.860461
	1208.000000	0.000000	40.178797
	1209.000000	1.000000	40.460082
	1210.000000	0.000000	40.912107
	1211.000000	0.000000	41.698520
	1212.000000	0.000000	41.631313
	1213.000000	1.000000	41.629224
	1214.000000	0.000000	42.104355
	1215.000000	0.000000	42.293473
	1216.000000	1.000000	40.989188
	1217.000000	0.000000	41.474263
	1218.000000	0.000000	41.828802
	1219.000000	1.000000	41.426789
	1220.000000	0.000000	42.419591
	1221.000000	1.000000	42.360777
	1222.000000	0.000000	41.051789
	1223.000000	1.000000	41.380122
	1224.000000	1.000000	40.123474
	1225.000000	1.000000	40.520963
	1226.000000	1.000000	40.127862
	1227.000000	0.000000	40.318424
	1228.000000	0.000000	40.604991
	1229.000000	1.000000	38.653627
	1230.000000	1.000000	39.700890
	1231.000000	0.000000	39.915119
	1232.000000	0.000000	38.567214
	1233.000000	1.000000	39.391005
	1234.000000	1.000000	38.574242
	1235.000000	0.000000	38.664939
	1236.000000	0.000000	38.564219
	1237.000000	0.000000	37.836905
	1238.000000	1.000000	38.476951
	1239.000000	0.000000	37.646624
	1240.000000	1.000000	37.906816
	1241.000000	0.000000	37.829424
	1242.000000	1.000000	38.948811
	1243.000000	1.000000	38.077183
	1244.000000	1.000000	37.876942
	1245.000000	1.000000	37.028996
	1246.000000	0.000000	37.685174
	1247.000000	1.000000	37.875678
	1248.000000	1.000000	37.775244
	1249.000000	1.000000	37.559603
	1250.000000	0.000000	37.654161
	1251.000000	0.000000	37.966785
	1252.000000	1.000000	36.463761
	1253.000000	0.000000	37.078695
	1254.000000	0.000000	36.404095
	1255.000000	1.000000	36.821975
	1256.000000	0.000000	37.797742
	1257.000000	1.000000	37.184033
	1258.000000	1.000000	37.930899
	1259.000000	1.000000	37.703865
	1260.000000	0.000000	38.620460
	1261.000000	1.000000	38.460309
	1262.000000	1.000000	38.398551
	1263.000000	0.000000	37.688168
	1264.000000	1.000000	39.127226
	1265.000000	1.000000	38.538350
	1266.000000	1.000000	37.370269
	1267.000000	0.000000	39.137528
	1268.000000	1.000000	38.058790
	1269.000000	0.000000	37.964680
	1270.000000	1.000000	38.163205
	1271.000000	1.000000	38.876849
	1272.000000	0.000000	38.722661
	1273.000000	0.000000	38.077785
	1274.000000	0.000000	39.234514
	1275.000000	0.000000	39.448266
	1276.000000	1.000000	38.991751
	1277.000000	0.000000	38.426886
	1278.000000	1.000000	40.575129
	1279.000000	1.000000	40.206321
	1280.000000	0.000000	39.535817
	1281.000000	0.000000	40.936776
	1282.000000	0.000000	41.402334
	1283.000000	0.000000	40.334089
	1284.000000	1.000000	41.129758
	1285.000000	0.000000	41.280196
	1286.000000	0.000000	40.562356
	1287.000000	1.000000	41.678986
	1288.000000	0.000000	42.041555
	1289.000000	0.000000	39.907742
	1290.000000	0.000000	39.769043
	1291.000000	0.000000	39.146854
	1292.000000	0.000000	39.609011
	1293.000000	0.000000	40.349240
	1294.000000	1.000000	40.782698
	1295.000000	1.000000	39.928651
	1296.000000	0.000000	40.373206
	1297.000000	1.000000	39.158295
	1298.000000	0.000000	39.367300
	1299.000000	0.000000	38.479713
	1300.000000	0.000000	39.272808
	1301.000000	0.000000	36.914012
	1302.000000	0.000000	37.492898
	1303.000000	1.000000	35.876863
	1304.000000	1.000000	37.255321
	1305.000000	1.000000	36.492675
	1306.000000	1.000000	35.201290
	1307.000000	0.000000	35.518924
	1308.000000	0.000000	34.964363
	1309.000000	1.000000	33.474925
	1310.000000	0.000000	34.085509
	1311.000000	1.000000	34.342495
	1312.000000	1.000000	35.023606
	1313.000000	0.000000	34.122171
	1314.000000	1.000000	32.542285
	1315.000000	0.000000	32.678237
	1316.000000	1.000000	32.346097
	1317.000000	1.000000	32.963371
	1318.000000	1.000000	32.590626
	1319.000000	0.000000	32.650459
	1320.000000	0.000000	31.887650
	1321.000000	0.000000	31.949347
	1322.000000	0.000000	31.972539
	1323.000000	0.000000	31.924899
	1324.000000	0.000000	31.510548
	1325.000000	1.000000	32.599741
	1326.000000	1.000000	31.618456
	1327.000000	0.000000	31.193127
	1328.000000	1.000000	31.585935
	1329.000000	1.000000	33.374232
	1330.000000	0.000000	34.370956
	1331.000000	0.000000	32.846412
	1332.000000	0.000000	34.489951
	1333.000000	0.000000	33.081091
	1334.000000	1.000000	32.753167
	1335.000000	0.000000	32.868630
	1336.000000	1.000000	32.878217
	1337.000000	0.000000	32.665210
	1338.000000	0.000000	33.508791
	1339.000000	0.000000	32.171577
	1340.000000	0.000000	32.691168
	1341.000000	0.000000	33.320184
	1342.000000	1.000000	32.868716
	1343.000000	1.000000	33.087638
	1344.000000	0.000000	32.782047
	1345.000000	0.000000	32.427690
	1346.000000	0.000000	32.826039
	1347.000000	0.000000	32.711351
	1348.000000	1.000000	33.020811
	1349.000000	0.000000	32.276322
	1350.000000	0.000000	31.090326
	1351.000000	0.000000	31.732464
	1352.000000	1.000000	31.926146
	1353.000000	0.000000	31.400636
	1354.000000	0.000000	31.354500
	1355.000000	0.000000	30.796269
	1356.000000	0.000000	30.335081
	1357.000000	1.000000	30.883871
	1358.000000	0.000000	30.460173
	1359.000000	0.000000	29.483020
	1360.000000	1.000000	30.625730
	1361.000000	1.000000	29.691802
	1362.000000	1.000000	29.055242
	1363.000000	1.000000	30.649601
	1364.000000	0.000000	28.944375
	1365.000000	0.000000	28.684994
	1366.000000	0.000000	28.714382
	1367.000000	0.000000	28.248417
	1368.000000	0.000000	28.350410
	1369.000000	0.000000	27.628454
	1370.000000	0.000000	27.594600
	1371.000000	1.000000	27.166542
	1372.000000	1.000000	26.249780
	1373.000000	1.000000	28.081121
	1374.000000	1.000000	26.467327
	1375.000000	0.000000	26.199863
	1376.000000	1.000000	27.469786
	1377.000000	0.000000	27.706141
	1378.000000	0.000000	27.238299
	1379.000000	1.000000	27.310433
	1380.000000	1.000000	27.590137
	1381.000000	0.000000	26.811420
	1382.000000	0.000000	26.467055
	1383.000000	1.000000	25.599657
	1384.000000	0.000000	26.561304
	1385.000000	0.000000	26.859135
	1386.000000	1.000000	26.211203
	1387.000000	1.000000	27.346423
	1388.000000	1.000000	26.945982
	1389.000000	0.000000	26.527389
	1390.000000	0.000000	28.389244
	1391.000000	0.000000	27.167681
	1392.000000	1.000000	27.993460
	1393.000000	0.000000	27.212853
	1394.000000	0.000000	28.004170
	1395.000000	1.000000	27.493771
	1396.000000	0.000000	28.639535
	1397.000000	0.000000	27.240965
	1398.000000	0.000000	28.494700
	1399.000000	1.000000	28.126749
	1400.000000	1.000000	29.118554
	1401.000000	0.000000	29.512161
	1402.000000	1.000000	29.479398
	1403.000000	1.000000	29.044523
	1404.000000	0.000000	28.929512
	1405.000000	0.000000	28.967491
	1406.000000	1.000000	29.082180
	1407.000000	1.000000	28.948294
	1408.000000	1.000000	29.904140
	1409.000000	0.000000	29.279397
	1410.000000	1.000000	27.833644
	1411.000000	0.000000	29.116556
	1412.000000	1.000000	28.610732
	1413.000000	1.000000	29.902234
	1414.000000	1.000000	29.099938
	1415.000000	1.000000	28.698575
	1416.000000	1.000000	29.191534
	1417.000000	0.000000	30.047059
	1418.000000	1.000000	29.301852
	1419.000000	0.000000	28.890869
	1420.000000	0.000000	31.445939
	1421.000000	0.000000	30.529220
	1422.000000	0.000000	30.831902
	1423.000000	1.000000	30.860467
	1424.000000	1.000000	31.567302
	1425.000000	1.000000	32.114035
	1426.000000	0.000000	31.272710
	1427.000000	1.000000	31.629865
	1428.000000	0.000000	31.378638
	1429.000000	1.000000	33.362931
	1430.000000	1.000000	33.376125
	1431.000000	1.000000	34.235911
	1432.000000	0.000000	34.059244
	1433.000000	1.000000	34.024658
	1434.000000	0.000000	35.187200
	1435.000000	1.000000	35.409573
	1436.000000	0.000000	34.360498
	1437.000000	0.000000	35.224713
	1438.000000	1.000000	35.447620
	1439.000000	0.000000	34.069737
	1440.000000	0.000000	36.324223
	1441.000000	1.000000	35.104572
	1442.000000	1.000000	35.420824
	1443.000000	1.000000	36.586440
	1444.000000	1.000000	36.561196
	1445.000000	0.000000	36.599490
	1446.000000	1.000000	35.922091
	1447.000000	1.000000	37.290796
	1448.000000	0.000000	37.551023
	1449.000000	0.000000	36.617966
	1450.000000	0.000000	36.970961
	1451.000000	0.000000	37.588862
	1452.000000	0.000000	37.266392
	1453.000000	0.000000	36.976794
	1454.000000	0.000000	36.776725
	1455.000000	0.000000	37.020300
	1456.000000	0.000000	39.020050
	1457.000000	0.000000	37.690587
	1458.000000	1.000000	37.652581
	1459.000000	0.000000	37.260770
	1460.000000	1.000000	39.095144
	1461.000000	1.000000	37.425051
	1462.000000	1.000000	36.857557
	1463.000000	1.000000	38.372202
	1464.000000	0.000000	37.740603
	1465.000000	1.000000	39.469669
	1466.000000	1.000000	37.833542
	1467.000000	0.000000	37.081974
	1468.000000	1.000000	37.198145
	1469.000000	0.000000	35.778228
	1470.000000	1.000000	36.186921
	1471.000000	0.000000	35.081159
	1472.000000	0.000000	35.984251
	1473.000000	0.000000	35.335020
	1474.000000	1.000000	35.120396
	1475.000000	0.000000	35.490333
	1476.000000	0.000000	35.834927
	1477.000000	1.000000	35.307477
	1478.000000	1.000000	35.854454
	1479.000000	0.000000	35.212700
	1480.000000	1.000000	34.779779
	1481.000000	0.000000	35.654577
	1482.000000	1.000000	35.698079
	1483.000000	0.000000	35.313672
	1484.000000	0.000000	35.731900
	1485.000000	1.000000	35.605819
	1486.000000	0.000000	35.749693
	1487.000000	1.000000	34.519136
	1488.000000	0.000000	36.349755
	1489.000000	1.000000	34.653757
	1490.000000	1.000000	34.857024
	1491.000000	1.000000	34.644065
	1492.000000	0.000000	35.281930
	1493.000000	0.000000	34.573456
	1494.000000	0.000000	34.567434
	1495.000000	1.000000	34.410621
	1496.000000	1.000000	35.017502
	1497.000000	0.000000	34.210107
	1498.000000	1.000000	34.773721
	1499.000000	1.000000	34.383204
	1500.000000	0.000000	33.544859
	1501.000000	0.000000	34.409615
	1502.000000	0.000000	34.690947
	1503.000000	1.000000	34.758391
	1504.000000	1.000000	35.422790
	1505.000000	0.000000	34.349326
	1506.000000	1.000000	34.422387
	1507.000000	0.000000	34.882034
	1508.000000	0.000000	34.809063
	1509.000000	1.000000	35.420026
	1510.000000	0.000000	34.063164
	1511.000000	1.000000	35.333229
	1512.000000	1.000000	35.453316
	1513.000000	1.000000	34.814347
	1514.000000	1.000000	34.858476
	1515.000000	0.000000	34.933141
	1516.000000	0.000000	36.125292
	1517.000000	0.000000	36.476816
	1518.000000	1.000000	34.708468
	1519.000000	1.000000	34.383869
	1520.000000	0.000000	34.962357
	1521.000000	1.000000	35.026044
	1522.000000	1.000000	34.962130
	1523.000000	1.000000	35.033315
	1524.000000	0.000000	35.013367
	1525.000000	0.000000	35.538650
	1526.000000	1.000000	36.482790
	1527.000000	1.000000	35.518999
	1528.000000	0.000000	35.359871
	1529.000000	0.000000	35.606888
	1530.000000	0.000000	35.548320
	1531.000000	1.000000	35.259666
	1532.000000	1.000000	36.069276
	1533.000000	0.000000	35.685241
	1534.000000	0.000000	35.909450
	1535.000000	1.000000	35.490723
	1536.000000	1.000000	36.658818
	1537.000000	1.000000	36.907788
	1538.000000	0.000000	37.115879
	1539.000000	1.000000	36.398724
	1540.000000	0.000000	37.014855
	1541.000000	0.000000	36.815055
	1542.000000	1.000000	37.669952
	1543.000000	1.000000	36.800268
	1544.000000	1.000000	36.776307
	1545.000000	1.000000	37.215648
	1546.000000	0.000000	37.945530
	1547.000000	0.000000	36.913641
	1548.000000	0.000000	35.513382
	1549.000000	1.000000	36.448355
	1550.000000	0.000000	37.249839
	1551.000000	0.000000	37.210160
	1552.000000	0.000000	37.290145
	1553.000000	1.000000	38.251593
	1554.000000	1.000000	37.974031
	1555.000000	0.000000	38.178904
	1556.000000	1.000000	37.578500
	1557.000000	1.000000	37.426473
	1558.000000	1.000000	37.862978
	1559.000000	0.000000	37.864365
	1560.000000	1.000000	39.192190
	1561.000000	1.000000	37.861278
	1562.000000	1.000000	38.740534
	1563.000000	0.000000	38.256970
	1564.000000	0.000000	37.919883
	1565.000000	0.000000	38.256067
	1566.000000	0.000000	37.688747
	1567.000000	1.000000	38.432361
	1568.000000	1.000000	36.348349
	1569.000000	0.000000	36.556750
	1570.000000	1.000000	37.074872
	1571.000000	0.000000	37.957906
	1572.000000	1.000000	37.300071
	1573.000000	0.000000	38.484280
	1574.000000	1.000000	37.884245
	1575.000000	0.000000	38.499570
	1576.000000	1.000000	38.666204
	1577.000000	1.000000	38.627567
	1578.000000	0.000000	38.000793
	1579.000000	1.000000	38.175150
	1580.000000	0.000000	38.410414
	1581.000000	0.000000	38.421440
	1582.000000	0.000000	37.737868
	1583.000000	1.000000	37.615475
	1584.000000	1.000000	38.568072
	1585.000000	0.000000	37.587250
	1586.000000	0.000000	38.320305
	1587.000000	1.000000	37.323859
	1588.000000	1.000000	39.297104
	1589.000000	1.000000	38.906706
	1590.000000	1.000000	37.824409
	1591.000000	1.000000	38.095336
	1592.000000	0.000000	37.948077
	1593.000000	0.000000	38.464740
	1594.000000	1.000000	38.807439
	1595.000000	1.000000	36.981801
	1596.000000	0.000000	38.156702
	1597.000000	1.000000	38.102854
	1598.000000	1.000000	37.765327
	1599.000000	0.000000	36.835377
	1600.000000	0.000000	38.509611
	1601.000000	0.000000	37.065701
	1602.000000	0.000000	37.169142
	1603.000000	0.000000	38.211728
	1604.000000	0.000000	37.744965
	1605.000000	1.000000	37.369678
	1606.000000	0.000000	38.716221
	1607.000000	0.000000	38.557614
	1608.000000	0.000000	37.886994
	1609.000000	1.000000	38.371647
	1610.000000	0.000000	38.714236
	1611.000000	0.000000	40.086490
	1612.000000	1.000000	39.129814
	1613.000000	0.000000	39.290167
	1614.000000	1.000000	39.468876
	1615.000000	0.000000	38.374043
	1616.000000	0.000000	38.886654
	1617.000000	1.000000	38.229915
	1618.000000	0.000000	38.237043
	1619.000000	1.000000	37.887605
	1620.000000	0.000000	38.208228
	1621.000000	0.000000	36.694422
	1622.000000	0.000000	37.751790
	1623.000000	1.000000	34.814975
	1624.000000	0.000000	36.610892
	1625.000000	0.000000	34.979422
	1626.000000	0.000000	35.423434
	1627.000000	0.000000	35.253898
	1628.000000	0.000000	36.303943
	1629.000000	1.000000	35.101483
	1630.000000	0.000000	34.351305
	1631.000000	1.000000	33.931804
	1632.000000	1.000000	33.553880
	1633.000000	1.000000	33.590622
	1634.000000	0.000000	33.436596
	1635.000000	1.000000	33.836600
	1636.000000	1.000000	33.968631
	1637.000000	1.000000	33.709086
	1638.000000	0.000000	31.579554
	1639.000000	1.000000	33.108118
	1640.000000	1.000000	31.759054
	1641.000000	0.000000	30.876675
	1642.000000	1.000000	31.741295
	1643.000000	1.000000	30.580669
	1644.000000	0.000000	30.651346
	1645.000000	0.000000	28.657789
	1646.000000	1.000000	30.975610
	1647.000000	0.000000	31.938805
	1648.000000	1.000000	31.977727
	1649.000000	1.000000	30.567457
	1650.000000	1.000000	31.074160
	1651.000000	0.000000	31.395565
	1652.000000	1.000000	30.694409
	1653.000000	0.000000	31.851239
	1654.000000	1.000000	31.834346
	1655.000000	1.000000	32.715916
	1656.000000	1.000000	33.343829
	1657.000000	1.000000	31.982637
	1658.000000	0.000000	31.851362
	1659.000000	0.000000	32.662868
	1660.000000	1.000000	33.502127
	1661.000000	0.000000	33.554613
	1662.000000	0.000000	34.227932
	1663.000000	0.000000	33.132463
	1664.000000	1.000000	34.019333
	1665.000000	1.000000	33.707146
	1666.000000	0.000000	34.612983
	1667.000000	1.000000	35.874483
	1668.000000	0.000000	34.479904
	1669.000000	0.000000	35.789025
	1670.000000	0.000000	36.314602
	1671.000000	1.000000	35.660190
	1672.000000	1.000000	37.230037
	1673.000000	1.000000	37.089954
	1674.000000	1.000000	36.782115
	1675.000000	1.000000	36.646271
	1676.000000	1.000000	36.270803
	1677.000000	1.000000	36.801457
	1678.000000	1.000000	36.646116
	1679.000000	0.000000	36.865191
	1680.000000	1.000000	36.785564
	1681.000000	1.000000	36.770282
	1682.000000	0.000000	37.172129
	1683.000000	1.000000	37.507351
	1684.000000	1.000000	36.778921
	1685.000000	0.000000	36.636073
	1686.000000	1.000000	36.262123
	1687.000000	0.000000	37.507883
	1688.000000	0.000000	37.186848
	1689.000000	1.000000	38.069600
	1690.000000	1.000000	37.952626
	1691.000000	1.000000	38.679755
	1692.000000	1.000000	38.872691
	1693.000000	0.000000	38.258048
	1694.000000	1.000000	39.305817
	1695.000000	0.000000	39.042985
	1696.000000	1.000000	39.438006
	1697.000000	0.000000	39.370095
	1698.000000	0.000000	40.137863
	1699.000000	0.000000	40.977372
	1700.000000	0.000000	40.694396
	1701.000000	1.000000	40.983287
	1702.000000	1.000000	40.107778
	1703.000000	1.000000	40.997586
	1704.000000	1.000000	41.646237
	1705.000000	0.000000	41.666173
	1706.000000	0.000000	41.820426
	1707.000000	1.000000	42.427638
	1708.000000	1.000000	43.397248
	1709.000000	1.000000	42.762305
	1710.000000	1.000000	42.242588
	1711.000000	0.000000	41.890092
	1712.000000	1.000000	41.896464
	1713.000000	0.000000	41.649272
	1714.000000	0.000000	41.264651
	1715.000000	1.000000	41.507143
	1716.000000	0.000000	42.013687
	1717.000000	0.000000	41.940751
	1718.000000	0.000000	41.745055
	1719.000000	1.000000	41.150832
	1720.000000	0.000000	41.772697
	1721.000000	0.000000	41.825258
	1722.000000	0.000000	42.653201
	1723.000000	1.000000	42.233004
	1724.000000	0.000000	41.755716
	1725.000000	0.000000	41.093652
	1726.000000	0.000000	42.562050
	1727.000000	1.000000	44.011299
	1728.000000	1.000000	42.389394
	1729.000000	0.000000	42.894902
	1730.000000	0.000000	41.835710
	1731.000000	1.000000	40.992199
	1732.000000	1.000000	41.369644
	1733.000000	0.000000	42.137128
	1734.000000	1.000000	39.968145
	1735.000000	1.000000	40.852096
	1736.000000	0.000000	39.704363
	1737.000000	0.000000	40.351767
	1738.000000	1.000000	39.641882
	1739.000000	0.000000	39.701627
	1740.000000	0.000000	39.029481
	1741.000000	0.000000	39.813326
	1742.000000	1.000000	38.657807
	1743.000000	0.000000	38.106382
	1744.000000	1.000000	37.919324
	1745.000000	0.000000	37.896779
	1746.000000	0.000000	37.344056
	1747.000000	0.000000	36.602815
	1748.000000	0.000000	36.961902
	1749.000000	0.000000	36.785717
	1750.000000	0.000000	37.970112
	1751.000000	1.000000	37.357457
	1752.000000	0.000000	37.423997
	1753.000000	0.000000	35.530140
	1754.000000	0.000000	36.656009
	1755.000000	0.000000	36.640217
	1756.000000	0.000000	37.042891
	1757.000000	0.000000	35.756623
	1758.000000	1.000000	36.453479
	1759.000000	0.000000	36.078251
	1760.000000	1.000000	34.521355
	1761.000000	1.000000	34.669698
	1762.000000	0.000000	33.883196
	1763.000000	0.000000	34.339969
	1764.000000	0.000000	33.507882
	1765.000000	1.000000	33.443373
	1766.000000	1.000000	32.655100
	1767.000000	0.000000	31.877449
	1768.000000	0.000000	32.393428
	1769.000000	1.000000	31.087975
	1770.000000	0.000000	30.595805
	1771.000000	1.000000	30.473150
	1772.000000	0.000000	31.285324
	1773.000000	1.000000	29.832854
	1774.000000	0.000000	29.821249
	1775.000000	0.000000	30.110456
	1776.000000	0.000000	29.098669
	1777.000000	1.000000	29.091864
	1778.000000	0.000000	28.843480
	1779.000000	1.000000	29.856208
	1780.000000	0.000000	27.996314
	1781.000000	1.000000	28.307996
	1782.000000	0.000000	27.672817
	1783.000000	1.000000	27.908655
	1784.000000	0.000000	27.908171
	1785.000000	0.000000	28.912928
	1786.000000	1.000000	27.919786
	1787.000000	1.000000	28.397007
	1788.000000	0.000000	28.157224
	1789.000000	0.000000	27.185614
	1790.000000	0.000000	28.411650
	1791.000000	1.000000	27.236723
	1792.000000	1.000000	28.493253
	1793.000000	1.000000	27.530557
	1794.000000	1.000000	27.357095
	1795.000000	1.000000	28.501433
	1796.000000	1.000000	28.113518
	1797.000000	1.000000	28.264762
	1798.000000	0.000000	28.768803
	1799.000000	0.000000	27.867885
	1800.000000	1.000000	28.545614
	1801.000000	1.000000	28.248106
	1802.000000	0.000000	28.060682
	1803.000000	1.000000	27.644363
	1804.000000	0.000000	28.770086
	1805.000000	0.000000	28.610321
	1806.000000	0.000000	28.578110
	1807.000000	0.000000	29.688857
	1808.000000	0.000000	30.488787
	1809.000000	0.000000	29.496743
	1810.000000	1.000000	30.176743
	1811.000000	1.000000	30.819261
	1812.000000	1.000000	31.072686
	1813.000000	0.000000	29.756606
	1814.000000	0.000000	31.255743
	1815.000000	0.000000	32.257149
	1816.000000	0.000000	32.187092
	1817.000000	0.000000	32.624407
	1818.000000	1.000000	32.645717
	1819.000000	0.000000	33.274816
	1820.000000	0.000000	32.213845
	1821.000000	0.000000	33.341000
	1822.000000	1.000000	33.337723
	1823.000000	1.000000	33.205200
	1824.000000	1.000000	33.128443
	1825.000000	1.000000	33.106236
	1826.000000	0.000000	32.623087
	1827.000000	1.000000	33.118128
	1828.000000	0.000000	33.752795
	1829.000000	1.000000	31.589888
	1830.000000	0.000000	31.992206
	1831.000000	1.000000	31.372424
	1832.000000	0.000000	31.024996
	1833.000000	0.000000	31.183997
	1834.000000	1.000000	31.119126
	1835.000000	1.000000	30.854231
	1836.000000	1.000000	31.520592
	1837.000000	0.000000	30.457054
	1838.000000	0.000000	31.623466
	1839.000000	1.000000	31.667431
	1840.000000	1.000000	31.445269
	1841.000000	1.000000	31.116568
	1842.000000	0.000000	31.348391
	1843.000000	1.000000	32.276296
	1844.000000	0.000000	31.927760
	1845.000000	1.000000	32.664980
	1846.000000	0.000000	31.727216
	1847.000000	1.000000	32.269202
	1848.000000	1.000000	32.312435
	1849.000000	1.000000	31.778988
	1850.000000	0.000000	33.402925
	1851.000000	1.000000	32.111955
	1852.000000	1.000000	32.950187
	1853.000000	0.000000	33.523290
	1854.000000	1.000000	33.802265
	1855.000000	0.000000	34.014857
	1856.000000	1.000000	34.500771
	1857.000000	0.000000	33.978019
	1858.000000	1.000000	34.459482
	1859.000000	0.000000	33.416299
	1860.000000	1.000000	35.203214
	1861.000000	0.000000	35.094711
	1862.000000	0.000000	35.543036
	1863.000000	1.000000	35.379075
	1864.000000	0.000000	36.731940
	1865.000000	0.000000	37.977112
	1866.000000	0.000000	36.296058
	1867.000000	0.000000	37.318736
	1868.000000	1.000000	36.819185
	1869.000000	1.000000	37.518038
	1870.000000	0.000000	38.297338
	1871.000000	1.000000	36.861283
	1872.000000	0.000000	37.450412
	1873.000000	1.000000	37.231309
	1874.000000	1.000000	38.014035
	1875.000000	1.000000	37.381832
	1876.000000	0.000000	36.838700
	1877.000000	1.000000	38.340850
	1878.000000	1.000000	37.471221
	1879.000000	0.000000	37.779884
	1880.000000	0.000000	37.172600
	1881.000000	0.000000	37.428266
	1882.000000	1.000000	36.156502
	1883.000000	0.000000	37.235500
	1884.000000	1.000000	37.380654
	1885.000000	0.000000	36.265141
	1886.000000	0.000000	36.865268
	1887.000000	0.000000	36.874454
	1888.000000	1.000000	38.082691
	1889.000000	1.000000	37.682815
	1890.000000	0.000000	37.080679
	1891.000000	1.000000	37.505602
	1892.000000	0.000000	37.252762
	1893.000000	0.000000	37.535713
	1894.000000	1.000000	37.539858
	1895.000000	1.000000	37.824001
	1896.000000	1.000000	37.469158
	1897.000000	1.000000	37.651720
	1898.000000	1.000000	37.409237
	1899.000000	1.000000	36.860461
	1900.000000	0.000000	37.172390
	1901.000000	1.000000	35.358904
	1902.000000	0.000000	36.466261
	1903.000000	0.000000	37.471346
	1904.000000	1.000000	36.743658
	1905.000000	0.000000	35.103613
	1906.000000	0.000000	36.528724
	1907.000000	1.000000	36.331251
	1908.000000	1.000000	36.798090
	1909.000000	0.000000	35.221846
	1910.000000	0.000000	36.175952
	1911.000000	0.000000	37.165227
	1912.000000	1.000000	36.563759
	1913.000000	1.000000	36.648482
	1914.000000	0.000000	37.976495
	1915.000000	1.000000	37.516099
	1916.000000	1.000000	37.886018
	1917.000000	1.000000	38.031634
	1918.000000	1.000000	37.645410
	1919.000000	0.000000	37.746091
	1920.000000	1.000000	37.791477
	1921.000000	1.000000	37.658103
	1922.000000	0.000000	37.378135
	1923.000000	0.000000	37.960645
	1924.000000	1.000000	38.075596
	1925.000000	1.000000	37.652626
	1926.000000	0.000000	38.862076
	1927.000000	0.000000	37.297203
	1928.000000	0.000000	37.288119
	1929.000000	0.000000	37.500970
	1930.000000	1.000000	36.700562
	1931.000000	1.000000	38.693285
	1932.000000	0.000000	36.746292
	1933.000000	1.000000	38.306353
	1934.000000	1.000000	38.067884
	1935.000000	0.000000	38.887680
	1936.000000	0.000000	38.011492
	1937.000000	1.000000	38.743498
	1938.000000	0.000000	38.303137
	1939.000000	1.000000	38.683529
	1940.000000	0.000000	39.121369
	1941.000000	1.000000	39.075542
	1942.000000	0.000000	38.519461
	1943.000000	1.000000	39.109807
	1944.000000	0.000000	40.259203
	1945.000000	1.000000	38.216833
	1946.000000	0.000000	39.535855
	1947.000000	1.000000	38.390543
	1948.000000	0.000000	37.963950
	1949.000000	0.000000	37.864194
	1950.000000	0.000000	39.143895
	1951.000000	0.000000	37.829397
	1952.000000	0.000000	38.264676
	1953.000000	0.000000	38.202156
	1954.000000	0.000000	38.755278
	1955.000000	1.000000	38.344804
	1956.000000	0.000000	37.371842
	1957.000000	0.000000	37.730965
	1958.000000	0.000000	38.809439
	1959.000000	0.000000	39.436767
	1960.000000	1.000000	36.592044
	1961.000000	0.000000	38.219977
	1962.000000	1.000000	38.018607
	1963.000000	0.000000	37.903772
	1964.000000	1.000000	36.437646
	1965.000000	1.000000	36.202846
	1966.000000	1.000000	34.674107
	1967.000000	0.000000	36.818777
	1968.000000	1.000000	35.527047
	1969.000000	1.000000	36.460946
	1970.000000	1.000000	34.064167
	1971.000000	1.000000	33.789945
	1972.000000	0.000000	34.087246
	1973.000000	1.000000	33.780808
	1974.000000	0.000000	33.240592
	1975.000000	1.000000	31.682747
	1976.000000	1.000000	32.100181
	1977.000000	1.000000	33.537665
	1978.000000	1.000000	31.976834
	1979.000000	0.000000	32.871134
	1980.000000	1.000000	32.941121
	1981.000000	1.000000	31.805585
	1982.000000	0.000000	32.602781
	1983.000000	0.000000	32.769315
	1984.000000	0.000000	33.206688
	1985.000000	1.000000	32.450117
	1986.000000	0.000000	32.837999
	1987.000000	0.000000	33.706082
	1988.000000	0.000000	34.754457
	1989.000000	0.000000	34.652367
	1990.000000	0.000000	34.914310
	1991.000000	1.000000	34.366852
	1992.000000	1.000000	35.195534
	1993.000000	1.000000	34.349672
	1994.000000	1.000000	35.404768
	1995.000000	1.000000	35.636429
	1996.000000	0.000000	35.498553
	1997.000000	1.000000	35.208628
	1998.000000	0.000000	35.890910
	1999.000000	1.000000	36.437745
	2000.000000	1.000000	35.281085
	2001.000000	1.000000	37.355068
	2002.000000	1.000000	37.431779
	2003.000000	1.000000	35.455653
	2004.000000	1.000000	35.758744
	2005.000000	1.000000	35.594883
	2006.000000	0.000000	37.099458
	2007.000000	0.000000	36.746743
	2008.000000	0.000000	36.135712
	2009.000000	0.000000	36.532524
	2010.000000	0.000000	36.921005
	2011.000000	1.000000	37.859023
	2012.000000	0.000000	37.991090
	2013.000000	0.000000	36.153247
	2014.000000	1.000000	37.099230
	2015.000000	1.000000	38.331994
	2016.000000	1.000000	38.092079
	2017.000000	1.000000	38.900859
	2018.000000	1.000000	38.819469
	2019.000000	0.000000	39.332504
	2020.000000	0.000000	39.623402
	2021.000000	0.000000	39.683351
	2022.000000	0.000000	39.578423
	2023.000000	0.000000	40.461560
	2024.000000	1.000000	38.973538
	2025.000000	1.000000	39.242757
	2026.000000	0.000000	39.270774
	2027.000000	1.000000	38.933178
	2028.000000	1.000000	38.826805
	2029.000000	1.000000	38.591116
	2030.000000	1.000000	39.634013
	2031.000000	0.000000	38.383068
	2032.000000	0.000000	38.743148
	2033.000000	1.000000	39.819543
	2034.000000	0.000000	39.842098
	2035.000000	0.000000	39.504829
	2036.000000	1.000000	39.466404
	2037.000000	1.000000	39.727245
	2038.000000	1.000000	38.650956
	2039.000000	0.000000	38.773625
	2040.000000	1.000000	39.024137
	2041.000000	0.000000	38.635943
	2042.000000	1.000000	39.388278
	2043.000000	0.000000	39.409498
	2044.000000	0.000000	38.316192
	2045.000000	1.000000	38.156295
	2046.000000	1.000000	40.079280
	2047.000000	0.000000	38.534556
	2048.000000	1.000000	38.545944
	2049.000000	1.000000	38.028917
	2050.000000	1.000000	38.559782
	2051.000000	1.000000	38.876903
	2052.000000	1.000000	39.629884
	2053.000000	1.000000	38.944186
	2054.000000	0.000000	39.167585
	2055.000000	0.000000	40.074369
	2056.000000	0.000000	38.975929
	2057.000000	1.000000	39.592389
	2058.000000	0.000000	38.369121
	2059.000000	0.000000	38.691010
	2060.000000	0.000000	38.858678
	2061.000000	0.000000	40.772903
	2062.000000	1.000000	40.213158
	2063.000000	0.000000	40.234111
	2064.000000	1.000000	39.826291
	2065.000000	1.000000	40.309646
	2066.000000	1.000000	41.625338
	2067.000000	1.000000	41.387493
	2068.000000	1.000000	39.994958
	2069.000000	0.000000	40.001962
	2070.000000	1.000000	40.092877
	2071.000000	0.000000	40.452329
	2072.000000	1.000000	40.724105
	2073.000000	0.000000	40.295291
	2074.000000	0.000000	39.422571
	2075.000000	1.000000	39.671972
	2076.000000	1.000000	38.989727
	2077.000000	1.000000	39.924388
	2078.000000	1.000000	40.191728
	2079.000000	1.000000	38.210165
	2080.000000	1.000000	39.984316
	2081.000000	1.000000	39.264032
	2082.000000	1.000000	41.272229
	2083.000000	0.000000	40.298475
	2084.000000	0.000000	40.530792
	2085.000000	1.000000	40.508855
	2086.000000	0.000000	39.481266
	2087.000000	1.000000	40.505473
	2088.000000	1.000000	40.466623
	2089.000000	0.000000	39.104729
	2090.000000	0.000000	40.174242
	2091.000000	0.000000	40.124476
	2092.000000	1.000000	39.748766
	2093.000000	1.000000	40.888860
	2094.000000	1.000000	42.197283
	2095.000000	0.000000	41.169691
	2096.000000	1.000000	41.712041
	2097.000000	0.000000	41.877478
	2098.000000	1.000000	42.880756
	2099.000000	0.000000	42.438272
	2100.000000	0.000000	42.683307
	2101.000000	0.000000	44.121243
	2102.000000	1.000000	42.972098
	2103.000000	0.000000	41.960465
	2104.000000	1.000000	43.777560
	2105.000000	1.000000	42.735764
	2106.000000	1.000000	42.428588
	2107.000000	0.000000	42.978339
	2108.000000	1.000000	42.382339
	2109.000000	0.000000	43.071037
	2110.000000	0.000000	43.107848
	2111.000000	0.000000	42.242927
	2112.000000	1.000000	43.132972
	2113.000000	1.000000	42.986338
	2114.000000	0.000000	42.360003
	2115.000000	0.000000	42.904144
	2116.000000	0.000000	42.226052
	2117.000000	1.000000	41.675464
	2118.000000	1.000000	41.766437
	2119.000000	1.000000	41.050907
	2120.000000	1.000000	40.487946
	2121.000000	0.000000	41.112230
	2122.000000	1.000000	41.370655
	2123.000000	1.000000	40.925294
	2124.000000	0.000000	40.999789
	2125.000000	0.000000	41.530447
	2126.000000	1.000000	41.087205
	2127.000000	0.000000	41.351052
	2128.000000	0.000000	40.827601
	2129.000000	0.000000	39.499220
	2130.000000	0.000000	39.758250
	2131.000000	0.000000	39.312235
	2132.000000	1.000000	39.490607
	2133.000000	0.000000	39.830705
	2134.000000	0.000000	40.075250
	2135.000000	0.000000	38.590888
	2136.000000	1.000000	40.134334
	2137.000000	0.000000	39.606847
	2138.000000	1.000000	40.705723
	2139.000000	1.000000	38.986083
	2140.000000	0.000000	40.555038
	2141.000000	1.000000	38.969985
	2142.000000	0.000000	38.601525
	2143.000000	0.000000	39.851866
	2144.000000	0.000000	38.633025
	2145.000000	0.000000	38.168759
	2146.000000	0.000000	38.179609
	2147.000000	0.000000	37.375118
	2148.000000	0.000000	37.758397
	2149.000000	1.000000	36.718572
	2150.000000	1.000000	36.689313
	2151.000000	0.000000	36.909766
	2152.000000	0.000000	36.889712
	2153.000000	0.000000	36.740468
	2154.000000	1.000000	35.889247
	2155.000000	0.000000	36.211890
	2156.000000	0.000000	35.567668
	2157.000000	0.000000	34.788594
	2158.000000	0.000000	35.655646
	2159.000000	1.000000	33.932509
	2160.000000	1.000000	34.416008
	2161.000000	1.000000	33.309155
	2162.000000	1.000000	33.338285
	2163.000000	1.000000	32.961597
	2164.000000	1.000000	32.835597
	2165.000000	1.000000	32.524831
	2166.000000	1.000000	32.851055
	2167.000000	1.000000	32.203494
	2168.000000	1.000000	31.718467
	2169.000000	1.000000	30.637275
	2170.000000	0.000000	30.568945
	2171.000000	1.000000	30.310751
	2172.000000	1.000000	30.884904
	2173.000000	1.000000	29.126059
	2174.000000	1.000000	29.457944
	2175.000000	1.000000	30.857791
	2176.000000	0.000000	30.370777
	2177.000000	1.000000	30.974957
	2178.000000	0.000000	30.381369
	2179.000000	1.000000	31.315639
	2180.000000	1.000000	31.124189
	2181.000000	0.000000	32.425027
	2182.000000	1.000000	32.700390
	2183.000000	1.000000	33.539581
	2184.000000	1.000000	34.120846
	2185.000000	1.000000	34.394289
	2186.000000	0.000000	34.677179
	2187.000000	1.000000	35.622418
	2188.000000	0.000000	36.397087
	2189.000000	1.000000	36.993187
	2190.000000	0.000000	37.492513
	2191.000000	1.000000	36.671033
	2192.000000	1.000000	37.218761
	2193.000000	0.000000	37.716158
	2194.000000	1.000000	37.550512
	2195.000000	1.000000	39.118503
	2196.000000	1.000000	38.775911
	2197.000000	0.000000	40.079555
	2198.000000	1.000000	39.995952
	2199.000000	1.000000	40.211692
	2200.000000	0.000000	40.649792
	2201.000000	1.000000	41.088020
	2202.000000	0.000000	41.184869
	2203.000000	0.000000	42.256032
	2204.000000	0.000000	41.499332
	2205.000000	1.000000	42.706435
	2206.000000	0.000000	41.793643
	2207.000000	1.000000	41.795815
	2208.000000	0.000000	42.383439
	2209.000000	1.000000	42.706359
	2210.000000	1.000000	44.014330
	2211.000000	1.000000	43.015535
	2212.000000	0.000000	43.319980
	2213.000000	0.000000	43.433290
	2214.000000	1.000000	43.839877
	2215.000000	1.000000	44.346334
	2216.000000	1.000000	43.861169
	2217.000000	0.000000	44.055534
	2218.000000	1.000000	44.079961
	2219.000000	1.000000	44.902536
	2220.000000	1.000000	44.586430
	2221.000000	0.000000	43.886323
	2222.000000	1.000000	43.937798
	2223.000000	1.000000	43.915022
	2224.000000	1.000000	43.007286
	2225.000000	1.000000	42.462956
	2226.000000	1.000000	43.109447
	2227.000000	0.000000	43.324771
	2228.000000	0.000000	43.459990
	2229.000000	1.000000	43.960149
	2230.000000	1.000000	42.992919
	2231.000000	1.000000	43.984207
	2232.000000	0.000000	45.286286
	2233.000000	1.000000	43.679844
	2234.000000	0.000000	43.324951
	2235.000000	0.000000	43.275679
	2236.000000	0.000000	44.382213
	2237.000000	1.000000	44.891996
	2238.000000	1.000000	45.494708
	2239.000000	1.000000	44.879912
	2240.000000	0.000000	44.906649
	2241.000000	0.000000	43.857087
	2242.000000	1.000000	44.592926
	2243.000000	1.000000	45.490276
	2244.000000	1.000000	46.007378
	2245.000000	0.000000	46.624869
	2246.000000	0.000000	45.653342
	2247.000000	0.000000	46.672341
	2248.000000	1.000000	46.990152
	2249.000000	0.000000	45.737783
	2250.000000	1.000000	46.632508
	2251.000000	1.000000	46.461955
	2252.000000	0.000000	44.892458
	2253.000000	0.000000	45.920436
	2254.000000	0.000000	45.870914
	2255.000000	1.000000	45.365890
	2256.000000	0.000000	47.029078
	2257.000000	0.000000	45.235852
	2258.000000	0.000000	44.037686
	2259.000000	1.000000	46.354407
	2260.000000	0.000000	44.042501
	2261.000000	1.000000	45.311394
	2262.000000	1.000000	45.364385
	2263.000000	1.000000	45.029505
	2264.000000	1.000000	44.540040
	2265.000000	0.000000	43.802895
	2266.000000	0.000000	44.128815
	2267.000000	0.000000	44.301764
	2268.000000	0.000000	43.187596
	2269.000000	1.000000	42.961557
	2270.000000	0.000000	42.108712
	2271.000000	1.000000	41.438368
	2272.000000	1.000000	41.763335
	2273.000000	1.000000	41.206600
	2274.000000	1.000000	40.480397
	2275.000000	0.000000	41.343514
	2276.000000	0.000000	41.158497
	2277.000000	1.000000	40.715066
	2278.000000	0.000000	39.775721
	2279.000000	1.000000	39.955781
	2280.000000	0.000000	40.686882
	2281.000000	1.000000	40.306258
	2282.000000	1.000000	39.788306
	2283.000000	0.000000	38.912606
	2284.000000	1.000000	39.821336
	2285.000000	1.000000	39.139037
	2286.000000	0.000000	39.722488
	2287.000000	1.000000	39.179155
	2288.000000	1.000000	38.813380
	2289.000000	1.000000	40.167266
	2290.000000	0.000000	37.784039
	2291.000000	1.000000	38.287036
	2292.000000	1.000000	39.791034
	2293.000000	1.000000	38.406365
	2294.000000	1.000000	38.459698
	2295.000000	0.000000	38.743054
	2296.000000	0.000000	38.857988
	2297.000000	0.000000	39.891230
	2298.000000	1.000000	40.132228
	2299.000000	1.000000	38.029390
	2300.000000	1.000000	39.567710
	2301.000000	1.000000	39.572770
	2302.000000	1.000000	38.708024
	2303.000000	1.000000	41.083077
	2304.000000	0.000000	40.601169
	2305.000000	0.000000	39.098379
	2306.000000	0.000000	40.026682
	2307.000000	1.000000	41.068488
	2308.000000	1.000000	41.012867
	2309.000000	0.000000	41.716338
	2310.000000	0.000000	41.080183
	2311.000000	0.000000	41.909710
	2312.000000	1.000000	40.693572
	2313.000000	0.000000	41.244028
	2314.000000	0.000000	42.388516
	2315.000000	1.000000	41.757063
	2316.000000	0.000000	43.309913
	2317.000000	1.000000	43.358748
	2318.000000	1.000000	42.572196
	2319.000000	1.000000	42.429519
	2320.000000	1.000000	42.641677
	2321.000000	0.000000	42.812995
	2322.000000	1.000000	42.802037
	2323.000000	0.000000	42.053381
	2324.000000	1.000000	43.026817
	2325.000000	1.000000	41.907896
	2326.000000	0.000000	41.514026
	2327.000000	1.000000	41.139013
	2328.000000	0.000000	41.576148
	2329.000000	1.000000	41.459717
	2330.000000	1.000000	40.058740
	2331.000000	0.000000	41.839543
	2332.000000	1.000000	41.708688
	2333.000000	0.000000	41.554145
	2334.000000	0.000000	41.165017
	2335.000000	0.000000	41.044591
	2336.000000	0.000000	41.529213
	2337.000000	1.000000	41.519594
	2338.000000	0.000000	41.745078
	2339.000000	0.000000	43.380751
	2340.000000	1.000000	41.681112
	2341.000000	1.000000	42.227021
	2342.000000	0.000000	42.696940
	2343.000000	1.000000	41.802613
	2344.000000	0.000000	42.767497
	2345.000000	0.000000	41.884743
	2346.000000	0.000000	40.776232
	2347.000000	0.000000	40.914620
	2348.000000	1.000000	42.236378
	2349.000000	0.000000	40.956028
	2350.000000	1.000000	41.896651
	2351.000000	1.000000	40.206283
	2352.000000	1.000000	39.274666
	2353.000000	0.000000	40.448091
	2354.000000	1.000000	41.698580
	2355.000000	0.000000	39.873262
	2356.000000	1.000000	40.781115
	2357.000000	0.000000	38.425329
	2358.000000	1.000000	38.550038
	2359.000000	1.000000	38.912665
	2360.000000	0.000000	37.635712
	2361.000000	0.000000	38.160172
	2362.000000	1.000000	36.594667
	2363.000000	1.000000	37.569082
	2364.000000	0.000000	37.180307
	2365.000000	1.000000	36.991660
	2366.000000	1.000000	37.829775
	2367.000000	1.000000	37.172862
	2368.000000	1.000000	38.138960
	2369.000000	1.000000	36.158765
	2370.000000	0.000000	37.164212
	2371.000000	0.000000	36.550495
	2372.000000	0.000000	37.606355
	2373.000000	0.000000	37.572082
	2374.000000	1.000000	38.196618
	2375.000000	0.000000	37.129524
	2376.000000	1.000000	37.015336
	2377.000000	0.000000	36.521465
	2378.000000	1.000000	37.375311
	2379.000000	1.000000	37.185559
	2380.000000	0.000000	38.001068
	2381.000000	0.000000	37.999476
	2382.000000	1.000000	37.598004
	2383.000000	1.000000	38.351092
	2384.000000	1.000000	38.377926
	2385.000000	1.000000	38.194546
	2386.000000	1.000000	38.174808
	2387.000000	1.000000	38.412962
	2388.000000	1.000000	38.390389
	2389.000000	1.000000	37.903453
	2390.000000	1.000000	37.494144
	2391.000000	0.000000	39.572338
	2392.000000	1.000000	38.845735
	2393.000000	0.000000	37.708089
	2394.000000	1.000000	37.965009
	2395.000000	1.000000	38.533971
	2396.000000	1.000000	37.717610
	2397.000000	0.000000	38.760399
	2398.000000	1.000000	38.535285
	2399.000000	1.000000	38.992209
	2400.000000	1.000000	39.444485
	2401.000000	0.000000	40.088390
	2402.000000	0.000000	39.504986
	2403.000000	1.000000	39.986108
	2404.000000	0.000000	40.093239
	2405.000000	1.000000	41.428909
	2406.000000	1.000000	41.559673
	2407.000000	0.000000	40.897918
	2408.000000	1.000000	40.904398
	2409.000000	1.000000	42.835245
	2410.000000	1.000000	41.942605
	2411.000000	1.000000	43.627632
	2412.000000	1.000000	43.800442
	2413.000000	0.000000	44.274797
	2414.000000	0.000000	43.862930
	2415.000000	1.000000	44.868738
	2416.000000	0.000000	45.123416
	2417.000000	1.000000	43.679578
	2418.000000	0.000000	43.422930
	2419.000000	1.000000	43.870798
	2420.000000	0.000000	44.893673
	2421.000000	0.000000	45.078158
	2422.000000	1.000000	45.990129
	2423.000000	1.000000	45.124596
	2424.000000	0.000000	45.350281
	2425.000000	1.000000	45.687226
	2426.000000	0.000000	45.425010
	2427.000000	1.000000	46.031966
	2428.000000	1.000000	45.040734
	2429.000000	1.000000	45.921302
	2430.000000	1.000000	45.103540
	2431.000000	0.000000	46.071000
	2432.000000	1.000000	45.740188
	2433.000000	0.000000	46.117598
	2434.000000	0.000000	46.035791
	2435.000000	0.000000	46.328009
	2436.000000	0.000000	44.767086
	2437.000000	1.000000	45.287291
	2438.000000	0.000000	45.942489
	2439.000000	1.000000	44.546107
	2440.000000	0.000000	44.587026
	2441.000000	1.000000	44.486996
	2442.000000	0.000000	45.621397
	2443.000000	1.000000	44.694850
	2444.000000	0.000000	44.744704
	2445.000000	1.000000	44.721248
	2446.000000	1.000000	44.364294
	2447.000000	1.000000	43.869693
	2448.000000	0.000000	45.451499
	2449.000000	0.000000	43.670822
	2450.000000	0.000000	42.266807
	2451.000000	0.000000	43.490695
	2452.000000	1.000000	44.234557
	2453.000000	0.000000	43.190765
	2454.000000	1.000000	42.917942
	2455.000000	1.000000	41.475186
	2456.000000	0.000000	42.204122
	2457.000000	1.000000	42.614184
	2458.000000	0.000000	42.265628
	2459.000000	0.000000	42.586428
	2460.000000	1.000000	43.341568
	2461.000000	0.000000	43.128659
	2462.000000	0.000000	41.229888
	2463.000000	0.000000	42.124186
	2464.000000	0.000000	40.675048
	2465.000000	1.000000	40.491811
	2466.000000	0.000000	40.620541
	2467.000000	0.000000	40.672763
	2468.000000	1.000000	40.430575
	2469.000000	0.000000	40.655010
	2470.000000	1.000000	40.999998
	2471.000000	1.000000	39.457934
	2472.000000	0.000000	40.038660
	2473.000000	0.000000	39.689969
	2474.000000	0.000000	40.300258
	2475.000000	1.000000	38.327964
	2476.000000	0.000000	37.374885
	2477.000000	1.000000	38.284868
	2478.000000	0.000000	38.067723
	2479.000000	1.000000	36.781024
	2480.000000	0.000000	37.914674
	2481.000000	1.000000	36.535217
	2482.000000	1.000000	35.773436
	2483.000000	0.000000	36.299985
	2484.000000	1.000000	36.372910
	2485.000000	1.000000	35.829263
	2486.000000	0.000000	34.966246
	2487.000000	0.000000	35.283697
	2488.000000	1.000000	35.530041
	2489.000000	1.000000	35.744005
	2490.000000	0.000000	33.867677
	2491.000000	1.000000	34.240231
	2492.000000	1.000000	33.857670
	2493.000000	0.000000	34.102181
	2494.000000	1.000000	34.822100
	2495.000000	1.000000	34.537933
	2496.000000	0.000000	34.183934
	2497.000000	0.000000	35.623348
	2498.000000	0.000000	34.154678
	2499.000000	1.000000	34.352577
	2500.000000	1.000000	34.958412
	2501.000000	1.000000	35.112231
	2502.000000	1.000000	35.947117
	2503.000000	0.000000	34.627405
	2504.000000	0.000000	35.333390
	2505.000000	1.000000	33.394035
	2506.000000	0.000000	34.539344
	2507.000000	0.000000	34.766858
	2508.000000	1.000000	35.293101
	2509.000000	0.000000	35.423515
	2510.000000	1.000000	34.758214
	2511.000000	0.000000	34.471905
	2512.000000	1.000000	36.207923
	2513.000000	0.000000	35.450688
	2514.000000	1.000000	36.221077
	2515.000000	1.000000	36.469323
	2516.000000	0.000000	36.485033
	2517.000000	0.000000	36.620363
	2518.000000	1.000000	37.345570
	2519.000000	0.000000	36.699125
	2520.000000	0.000000	36.767949
	2521.000000	1.000000	36.655885
	2522.000000	1.000000	35.955356
	2523.000000	1.000000	36.693993
	2524.000000	1.000000	37.655058
	2525.000000	0.000000	35.559348
	2526.000000	0.000000	36.172668
	2527.000000	1.000000	36.645933
	2528.000000	0.000000	36.384563
	2529.000000	0.000000	35.667976
	2530.000000	0.000000	37.183233
	2531.000000	0.000000	35.987388
	2532.000000	1.000000	36.955259
	2533.000000	0.000000	36.844079
	2534.000000	1.000000	36.195064
	2535.000000	0.000000	36.354196
	2536.000000	0.000000	37.329735
	2537.000000	1.000000	36.702998
	2538.000000	1.000000	36.166051
	2539.000000	0.000000	36.674687
	2540.000000	1.000000	37.032119
	2541.000000	1.000000	38.574434
	2542.000000	0.000000	37.250296
	2543.000000	1.000000	37.292626
	2544.000000	1.000000	36.068953
	2545.000000	1.000000	35.610305
	2546.000000	0.000000	35.903462
	2547.000000	0.000000	35.909428
	2548.000000	1.000000	35.101357
	2549.000000	1.000000	35.064819
	2550.000000	1.000000	35.374253
	2551.000000	0.000000	35.327918
	2552.000000	0.000000	35.387549
	2553.000000	1.000000	36.514297
	2554.000000	1.000000	35.715472
	2555.000000	0.000000	36.174451
	2556.000000	1.000000	35.587264
	2557.000000	1.000000	35.416074
	2558.000000	0.000000	36.173441
	2559.000000	1.000000	35.865766
	2560.000000	0.000000	36.022532
	2561.000000	0.000000	36.178590
	2562.000000	0.000000	37.326527
	2563.000000	0.000000	35.091493
	2564.000000	1.000000	37.016516
	2565.000000	1.000000	37.270463
	2566.000000	0.000000	37.687733
	2567.000000	1.000000	37.565846
	2568.000000	1.000000	37.484959
	2569.000000	0.000000	36.532505
	2570.000000	1.000000	36.670677
	2571.000000	1.000000	37.396952
	2572.000000	0.000000	38.170689
	2573.000000	1.000000	37.992204
	2574.000000	0.000000	37.353022
	2575.000000	1.000000	37.746305
	2576.000000	1.000000	38.118975
	2577.000000	1.000000	37.060815
	2578.000000	1.000000	38.040193
	2579.000000	1.000000	38.426309
	2580.000000	0.000000	37.864027
	2581.000000	0.000000	37.595336
	2582.000000	0.000000	37.069568
	2583.000000	0.000000	37.742955
	2584.000000	0.000000	37.107526
	2585.000000	0.000000	37.251069
	2586.000000	1.000000	38.310444
	2587.000000	0.000000	38.403960
	2588.000000	1.000000	37.082250
	2589.000000	1.000000	37.275646
	2590.000000	1.000000	38.828079
	2591.000000	0.000000	38.389905
	2592.000000	0.000000	38.876310
	2593.000000	1.000000	40.667477
	2594.000000	1.000000	39.303304
	2595.000000	0.000000	38.780307
	2596.000000	1.000000	39.618086
	2597.000000	1.000000	38.488399
	2598.000000	1.000000	38.579017
	2599.000000	1.000000	39.177660
	2600.000000	0.000000	39.480413
	2601.000000	0.000000	38.033172
	2602.000000	0.000000	40.252701
	2603.000000	0.000000	39.020952
	2604.000000	0.000000	38.464048
	2605.000000	1.000000	38.232261
	2606.000000	1.000000	39.415746
	2607.000000	1.000000	38.066720
	2608.000000	1.000000	38.396421
	2609.000000	1.000000	39.568473
	2610.000000	1.000000	38.791793
	2611.000000	1.000000	39.381651
	2612.000000	0.000000	39.851349
	2613.000000	1.000000	38.877598
	2614.000000	1.000000	39.471112
	2615.000000	1.000000	39.138605
	2616.000000	0.000000	38.477420
	2617.000000	1.000000	38.365418
	2618.000000	0.000000	38.883105
	2619.000000	1.000000	40.141393
	2620.000000	0.000000	39.427661
	2621.000000	1.000000	38.582359
	2622.000000	0.000000	38.143649
	2623.000000	0.000000	39.230669
	2624.000000	0.000000	39.044511
	2625.000000	1.000000	39.885022
	2626.000000	1.000000	39.603601
	2627.000000	0.000000	41.739152
	2628.000000	0.000000	40.762258
	2629.000000	1.000000	40.540865
	2630.000000	0.000000	40.930376
	2631.000000	1.000000	41.439506
	2632.000000	1.000000	41.791378
	2633.000000	1.000000	41.213707
	2634.000000	0.000000	40.754769
	2635.000000	0.000000	41.321903
	2636.000000	0.000000	42.513972
	2637.000000	1.000000	41.546932
	2638.000000	1.000000	40.980643
	2639.000000	1.000000	42.026171
	2640.000000	1.000000	41.425430
	2641.000000	1.000000	41.826061
	2642.000000	0.000000	41.455056
	2643.000000	0.000000	40.393338
	2644.000000	0.000000	40.773498
	2645.000000	0.000000	40.806652
	2646.000000	1.000000	41.334736
	2647.000000	1.000000	41.267919
	2648.000000	1.000000	40.236439
	2649.000000	0.000000	41.427182
	2650.000000	1.000000	39.611052
	2651.000000	1.000000	41.938683
	2652.000000	0.000000	41.310557
	2653.000000	1.000000	40.798456
	2654.000000	1.000000	40.761073
	2655.000000	0.000000	40.591267
	2656.000000	1.000000	41.318864
	2657.000000	1.000000	40.819458
	2658.000000	0.000000	40.794300
	2659.000000	1.000000	40.128188
	2660.000000	1.000000	39.908003
	2661.000000	1.000000	42.220268
	2662.000000	1.000000	40.651833
	2663.000000	1.000000	40.746839
	2664.000000	1.000000	41.459455
	2665.000000	1.000000	39.495283
	2666.000000	1.000000	41.642772
	2667.000000	0.000000	40.369620
	2668.000000	1.000000	40.390512
	2669.000000	0.000000	42.002683
	2670.000000	0.000000	40.853403
	2671.000000	1.000000	40.940777
	2672.000000	1.000000	40.606765
	2673.000000	0.000000	42.498796
	2674.000000	1.000000	42.857069
	2675.000000	1.000000	43.104048
	2676.000000	0.000000	42.496514
	2677.000000	0.000000	42.553960
	2678.000000	1.000000	43.203859
	2679.000000	1.000000	42.584398
	2680.000000	0.000000	44.075754
	2681.000000	0.000000	43.771160
	2682.000000	1.000000	44.331676
	2683.000000	0.000000	44.399838
	2684.000000	1.000000	44.402021
	2685.000000	1.000000	45.355670
	2686.000000	0.000000	44.689864
	2687.000000	1.000000	44.796291
	2688.000000	0.000000	45.832330
	2689.000000	0.000000	45.457349
	2690.000000	1.000000	44.902663
	2691.000000	1.000000	45.738654
	2692.000000	0.000000	44.581800
	2693.000000	0.000000	45.642354
	2694.000000	0.000000	44.565703
	2695.000000	1.000000	44.232543
	2696.000000	0.000000	45.654559
	2697.000000	1.000000	44.434006
	2698.000000	1.000000	44.981115
	2699.000000	1.000000	44.073232
	2700.000000	1.000000	43.789391
	2701.000000	1.000000	44.021468
	2702.000000	1.000000	44.617583
	2703.000000	0.000000	44.982870
	2704.000000	0.000000	43.909347
	2705.000000	1.000000	43.155052
	2706.000000	0.000000	43.312705
	2707.000000	0.000000	42.781060
	2708.000000	0.000000	42.954477
	2709.000000	0.000000	42.712743
	2710.000000	0.000000	42.799932
	2711.000000	0.000000	42.894036
	2712.000000	1.000000	42.406151
	2713.000000	0.000000	43.259146
	2714.000000	0.000000	43.322567
	2715.000000	1.000000	43.128749
	2716.000000	0.000000	42.859944
	2717.000000	0.000000	44.170233
	2718.000000	0.000000	43.371699
	2719.000000	1.000000	43.346320
	2720.000000	0.000000	42.656386
	2721.000000	0.000000	42.722123
	2722.000000	1.000000	42.446350
	2723.000000	1.000000	41.987058
	2724.000000	0.000000	41.133200
	2725.000000	0.000000	40.916784
	2726.000000	0.000000	40.933395
	2727.000000	1.000000	41.107874
	2728.000000	0.000000	39.279755
	2729.000000	0.000000	39.490019
	2730.000000	1.000000	38.999898
	2731.000000	1.000000	38.282587
	2732.000000	1.000000	37.243876
	2733.000000	1.000000	36.552312
	2734.000000	1.000000	37.812922
	2735.000000	1.000000	36.417489
	2736.000000	0.000000	37.291370
	2737.000000	0.000000	37.167056
	2738.000000	0.000000	36.214193
	2739.000000	0.000000	33.923100
	2740.000000	1.000000	35.415548
	2741.000000	0.000000	35.575159
	2742.000000	0.000000	35.022313
	2743.000000	0.000000	34.487186
	2744.000000	1.000000	33.979330
	2745.000000	1.000000	34.113856
	2746.000000	0.000000	34.692675
	2747.000000	0.000000	33.645841
	2748.000000	0.000000	35.212903
	2749.000000	1.000000	36.138496
	2750.000000	0.000000	35.546187
	2751.000000	1.000000	34.886525
	2752.000000	1.000000	34.509698
	2753.000000	0.000000	34.880484
	2754.000000	1.000000	33.992210
	2755.000000	1.000000	34.052080
	2756.000000	1.000000	34.060835
	2757.000000	0.000000	33.782434
	2758.000000	0.000000	34.635500
	2759.000000	0.000000	33.592688
	2760.000000	0.000000	32.890537
	2761.000000	1.000000	33.930893
	2762.000000	0.000000	33.398210
	2763.000000	0.000000	33.258538
	2764.000000	1.000000	32.480683
	2765.000000	0.000000	32.181150
	2766.000000	1.000000	33.666033
	2767.000000	0.000000	32.956669
	2768.000000	0.000000	34.906334
	2769.000000	0.000000	32.214530
	2770.000000	0.000000	32.566540
	2771.000000	1.000000	33.828674
	2772.000000	0.000000	34.517131
	2773.000000	0.000000	33.333657
	2774.000000	0.000000	34.187555
	2775.000000	0.000000	33.729226
	2776.000000	0.000000	33.358818
	2777.000000	1.000000	32.511141
	2778.000000	0.000000	33.321430
	2779.000000	0.000000	32.824104
	2780.000000	1.000000	33.125760
	2781.000000	1.000000	32.977957
	2782.000000	0.000000	31.458569
	2783.000000	1.000000	32.079367
	2784.000000	1.000000	31.844919
	2785.000000	0.000000	31.713381
	2786.000000	0.000000	31.538298
	2787.000000	0.000000	30.845842
	2788.000000	1.000000	30.588853
	2789.000000	0.000000	30.429127
	2790.000000	0.000000	30.653178
	2791.000000	1.000000	29.681530
	2792.000000	0.000000	29.924096
	2793.000000	0.000000	30.290547
	2794.000000	1.000000	30.527482
	2795.000000	1.000000	28.534607
	2796.000000	1.000000	29.678459
	2797.000000	0.000000	29.948173
	2798.000000	1.000000	28.664614
	2799.000000	1.000000	29.335190
	2800.000000	1.000000	28.570297
	2801.000000	0.000000	28.854243
	2802.000000	0.000000	30.654485
	2803.000000	1.000000	29.491204
	2804.000000	1.000000	28.789275
	2805.000000	1.000000	28.521294
	2806.000000	1.000000	28.771337
	2807.000000	0.000000	27.472424
	2808.000000	1.000000	28.430948
	2809.000000	1.000000	28.785668
	2810.000000	0.000000	28.235306
	2811.000000	1.000000	28.582236
	2812.000000	0.000000	29.605562
	2813.000000	0.000000	28.810239
	2814.000000	0.000000	29.312626
	2815.000000	0.000000	30.754664
	2816.000000	0.000000	30.506427
	2817.000000	1.000000	30.542205
	2818.000000	0.000000	31.215020
	2819.000000	1.000000	31.508556
	2820.000000	1.000000	32.808416
	2821.000000	0.000000	32.661122
	2822.000000	0.000000	31.879356
	2823.000000	1.000000	32.816884
	2824.000000	1.000000	31.768859
	2825.000000	1.000000	33.558964
	2826.000000	0.000000	33.194857
	2827.000000	0.000000	33.910363
	2828.000000	1.000000	33.402210
	2829.000000	1.000000	33.516960
	2830.000000	1.000000	32.419646
	2831.000000	1.000000	34.392050
	2832.000000	1.000000	32.724437
	2833.000000	0.000000	33.162937
	2834.000000	1.000000	33.637974
	2835.000000	0.000000	32.809700
	2836.000000	1.000000	33.866355
	2837.000000	0.000000	33.982888
	2838.000000	1.000000	33.549387
	2839.000000	1.000000	33.595188
	2840.000000	1.000000	33.283808
	2841.000000	1.000000	33.696271
	2842.000000	1.000000	33.481967
	2843.000000	1.000000	35.233264
	2844.000000	0.000000	33.995537
	2845.000000	1.000000	35.083513
	2846.000000	0.000000	35.380001
	2847.000000	0.000000	36.750851
	2848.000000	0.000000	37.318569
	2849.000000	0.000000	36.558005
	2850.000000	0.000000	35.856521
	2851.000000	1.000000	37.435191
	2852.000000	1.000000	37.218157
	2853.000000	0.000000	38.694245
	2854.000000	1.000000	38.353877
	2855.000000	0.000000	38.167748
	2856.000000	0.000000	39.281724
	2857.000000	1.000000	39.534458
	2858.000000	0.000000	39.571806
	2859.000000	0.000000	39.011306
	2860.000000	1.000000	39.957284
	2861.000000	1.000000	39.544768
	2862.000000	1.000000	39.717785
	2863.000000	0.000000	39.451557
	2864.000000	0.000000	39.807484
	2865.000000	1.000000	40.053465
	2866.000000	1.000000	40.484025
	2867.000000	0.000000	40.344683
	2868.000000	0.000000	39.853409
	2869.000000	1.000000	38.935788
	2870.000000	0.000000	38.199230
	2871.000000	1.000000	38.648385
	2872.000000	0.000000	39.428300
	2873.000000	0.000000	39.308425
	2874.000000	1.000000	39.083680
	2875.000000	0.000000	38.716805
	2876.000000	0.000000	39.273421
	2877.000000	1.000000	39.238127
	2878.000000	0.000000	38.999485
	2879.000000	0.000000	38.974772
	2880.000000	1.000000	38.769015
	2881.000000	0.000000	38.206538
	2882.000000	1.000000	38.822720
	2883.000000	1.000000	38.699141
	2884.000000	1.000000	37.965257
	2885.000000	1.000000	37.893052
	2886.000000	1.000000	37.476563
	2887.000000	1.000000	38.795293
	2888.000000	0.000000	37.766564
	2889.000000	1.000000	38.746897
	2890.000000	1.000000	38.035629
	2891.000000	0.000000	37.567989
	2892.000000	0.000000	36.005099
	2893.000000	0.000000	36.705338
	2894.000000	0.000000	36.682810
	2895.000000	1.000000	36.290209
	2896.000000	0.000000	36.134004
	2897.000000	0.000000	38.127356
	2898.000000	0.000000	35.957249
	2899.000000	0.000000	36.284388
	2900.000000	0.000000	35.850926
	2901.000000	0.000000	37.138803
	2902.000000	0.000000	37.055245
	2903.000000	0.000000	36.796270
	2904.000000	1.000000	38.920090
	2905.000000	1.000000	36.972126
	2906.000000	0.000000	37.210061
	2907.000000	0.000000	38.486070
	2908.000000	1.000000	38.213757
	2909.000000	1.000000	38.411148
	2910.000000	0.000000	38.815621
	2911.000000	0.000000	37.449466
	2912.000000	0.000000	36.883874
	2913.000000	0.000000	35.634082
	2914.000000	0.000000	36.026799
	2915.000000	1.000000	35.482221
	2916.000000	0.000000	35.125368
	2917.000000	1.000000	34.634419
	2918.000000	1.000000	34.384209
	2919.000000	0.000000	35.057053
	2920.000000	1.000000	33.093543
	2921.000000	1.000000	34.225385
	2922.000000	1.000000	32.803174
	2923.000000	1.000000	33.374364
	2924.000000	0.000000	34.239364
	2925.000000	0.000000	33.309512
	2926.000000	0.000000	32.749681
	2927.000000	1.000000	32.359967
	2928.000000	0.000000	31.670606
	2929.000000	1.000000	31.537687
	2930.000000	1.000000	31.658044
	2931.000000	1.000000	32.133468
	2932.000000	1.000000	31.985058
	2933.000000	0.000000	31.851745
	2934.000000	1.000000	31.300109
	2935.000000	0.000000	32.207630
	2936.000000	0.000000	30.668260
	2937.000000	1.000000	31.709417
	2938.000000	0.000000	31.746573
	2939.000000	1.000000	32.128967
	2940.000000	0.000000	31.639925
	2941.000000	1.000000	32.994269
	2942.000000	0.000000	32.874486
	2943.000000	0.000000	31.673512
	2944.000000	0.000000	32.285596
	2945.000000	0.000000	32.377205
	2946.000000	0.000000	32.034779
	2947.000000	1.000000	33.862389
	2948.000000	0.000000	33.190826
	2949.000000	1.000000	33.711698
	2950.000000	0.000000	33.622002
	2951.000000	0.000000	34.893734
	2952.000000	0.000000	34.624275
	2953.000000	1.000000	33.732229
	2954.000000	1.000000	34.006174
	2955.000000	1.000000	33.754681
	2956.000000	1.000000	34.682012
	2957.000000	0.000000	33.248901
	2958.000000	0.000000	33.448717
	2959.000000	1.000000	33.573625
	2960.000000	1.000000	33.587457
	2961.000000	0.000000	33.515226
	2962.000000	1.000000	32.619409
	2963.000000	0.000000	32.537289
	2964.000000	1.000000	32.170989
	2965.000000	0.000000	32.712949
	2966.000000	0.000000	33.824768
	2967.000000	0.000000	32.574074
	2968.000000	0.000000	32.577996
	2969.000000	1.000000	33.247964
	2970.000000	0.000000	32.167639
	2971.000000	1.000000	32.319001
	2972.000000	1.000000	32.658795
	2973.000000	0.000000	32.380518
	2974.000000	0.000000	32.811271
	2975.000000	1.000000	33.052175
	2976.000000	0.000000	33.196615
	2977.000000	1.000000	33.479316
	2978.000000	0.000000	33.671246
	2979.000000	0.000000	33.622808
	2980.000000	1.000000	33.350894
	2981.000000	1.000000	32.896954
	2982.000000	0.000000	32.758425
	2983.000000	1.000000	33.867553
	2984.000000	0.000000	32.141421
	2985.000000	0.000000	33.904933
	2986.000000	1.000000	31.986508
	2987.000000	1.000000	32.714484
	2988.000000	1.000000	33.378854
	2989.000000	0.000000	32.409657
	2990.000000	1.000000	32.401043
	2991.000000	1.000000	32.758175
	2992.000000	0.000000	33.144578
	2993.000000	1.000000	32.097161
	2994.000000	0.000000	32.471552
	2995.000000	1.000000	33.497741
	2996.000000	1.000000	33.073868
	2997.000000	1.000000	32.566481
	2998.000000	0.000000	32.402305
	2999.000000	1.000000	33.066648
