	0.000000	1.000000	2.002084
	0.200000	1.000000	-0.970364
	0.400000	1.000000	-0.258083
	0.600000	1.000000	-1.260392
	0.800000	1.000000	-1.754902
	1.000000	1.000000	1.787143
	1.200000	1.000000	-0.382680
	1.400000	1.000000	-0.634607
	1.600000	1.000000	1.153585
	1.800000	1.000000	3.294224
	2.000000	1.000000	-1.063514
	2.200000	1.000000	-0.827304
	2.400000	1.000000	0.328428
	2.600000	1.000000	2.261262
	2.800000	1.000000	-2.093828
	3.000000	1.000000	-2.754557
	3.200000	1.000000	-0.011085
	3.400000	1.000000	-0.439244
	3.600000	1.000000	0.257326
	3.800000	1.000000	-1.011351
	4.000000	1.000000	2.145608
	4.200000	1.000000	2.029223
	4.400000	1.000000	0.282006
	4.600000	1.000000	1.300446
	4.800000	1.000000	0.187126
	5.000000	1.000000	-1.458289
	5.200000	1.000000	-1.342852
	5.400000	1.000000	0.260648
	5.600000	1.000000	-2.429783
	5.800000	1.000000	-0.581618
	6.000000	1.000000	-0.348893
	6.200000	1.000000	1.768030
	6.400000	1.000000	1.554952
	6.600000	1.000000	1.410084
	6.800000	1.000000	1.427665
	7.000000	1.000000	-1.607770
	7.200000	1.000000	0.213576
	7.400000	1.000000	-3.273240
	7.600000	1.000000	0.866368
	7.800000	1.000000	1.927843
	8.000000	1.000000	-0.488349
	8.200000	1.000000	0.492755
	8.400000	1.000000	1.144952
	8.600000	1.000000	0.955180
	8.800000	1.000000	-1.084734
	9.000000	1.000000	0.020415
	9.200000	1.000000	-1.008469
	9.400000	1.000000	0.676404
	9.600000	1.000000	0.914527
	9.800000	1.000000	0.262319
	10.000000	1.000000	-1.762129
	10.200000	1.000000	0.901724
	10.400000	1.000000	-1.144028
	10.600000	1.000000	2.500698
	10.800000	1.000000	-2.497449
	11.000000	1.000000	-3.506323
	11.200000	1.000000	-2.145757
	11.400000	1.000000	-0.449945
	11.600000	1.000000	1.010461
	11.800000	1.000000	-0.249377
	12.000000	1.000000	-0.567556
	12.200000	1.000000	-1.630578
	12.400000	1.000000	0.916857
	12.600000	1.000000	0.954778
	12.800000	1.000000	-1.816183
	13.000000	1.000000	-0.831229
	13.200000	1.000000	0.558502
	13.400000	1.000000	0.690221
	13.600000	1.000000	-0.625417
	13.800000	1.000000	0.399161
	14.000000	1.000000	-0.414598
	14.200000	1.000000	1.253953
	14.400000	1.000000	1.963625
	14.600000	1.000000	0.034821
	14.800000	1.000000	0.348844
	15.000000	1.000000	-1.048555
	15.200000	1.000000	3.599774
	15.400000	1.000000	1.052860
	15.600000	1.000000	-0.019006
	15.800000	1.000000	0.780587
	16.000000	1.000000	0.769713
	16.200000	1.000000	3.451860
	16.400000	1.000000	0.598473
	16.600000	1.000000	1.815180
	16.800000	1.000000	2.717032
	17.000000	1.000000	2.590299
	17.200000	1.000000	1.241393
	17.400000	1.000000	4.352914
	17.600000	1.000000	2.455323
	17.800000	1.000000	5.385300
	18.000000	1.000000	4.671787
	18.200000	1.000000	3.150627
	18.400000	1.000000	3.351939
	18.600000	1.000000	4.490650
	18.800000	1.000000	2.416275
	19.000000	1.000000	2.031352
	19.200000	1.000000	4.242373
	19.400000	1.000000	5.819484
	19.600000	1.000000	7.156807
	19.800000	1.000000	4.392782
	20.000000	1.000000	6.327744
	20.200000	1.000000	5.356530
	20.400000	1.000000	5.963596
	20.600000	1.000000	5.925420
	20.800000	1.000000	4.633862
	21.000000	1.000000	6.125738
	21.200000	1.000000	5.628464
	21.400000	1.000000	7.081764
	21.600000	1.000000	7.034940
	21.800000	1.000000	6.598812
	22.000000	1.000000	4.726728
	22.200000	1.000000	6.745308
	22.400000	1.000000	7.778180
	22.600000	1.000000	9.005391
	22.800000	1.000000	7.550403
	23.000000	1.000000	8.314804
	23.200000	1.000000	5.506062
	23.400000	1.000000	9.465302
	23.600000	1.000000	9.188061
	23.800000	1.000000	8.736171
	24.000000	1.000000	10.696058
	24.200000	1.000000	8.738889
	24.400000	1.000000	10.968434
	24.600000	1.000000	11.000472
	24.800000	1.000000	11.807556
	25.000000	1.000000	10.918308
	25.200000	1.000000	12.044018
	25.400000	1.000000	12.449293
	25.600000	1.000000	10.269913
	25.800000	1.000000	8.984720
	26.000000	1.000000	13.226722
	26.200000	1.000000	10.391232
	26.400000	1.000000	13.400573
	26.600000	1.000000	10.502789
	26.800000	1.000000	9.039256
	27.000000	1.000000	12.344318
	27.200000	1.000000	15.090938
	27.400000	1.000000	14.481593
	27.600000	1.000000	13.143985
	27.800000	1.000000	11.076840
	28.000000	1.000000	12.535059
	28.200000	1.000000	16.677350
	28.400000	1.000000	16.558382
	28.600000	1.000000	15.533802
	28.800000	1.000000	16.606569
	29.000000	1.000000	13.853183
	29.200000	1.000000	11.379279
	29.400000	1.000000	17.435602
	29.600000	1.000000	17.395221
	29.800000	1.000000	18.375838
	30.000000	1.000000	17.237956
	30.200000	1.000000	17.452714
	30.400000	1.000000	15.457928
	30.600000	1.000000	16.267772
	30.800000	1.000000	19.977044
	31.000000	1.000000	16.378395
	31.200000	1.000000	18.910368
	31.400000	1.000000	17.354798
	31.600000	1.000000	16.451402
	31.800000	1.000000	19.524330
	32.000000	1.000000	19.221276
	32.200000	1.000000	23.020184
	32.400000	1.000000	20.614468
	32.600000	1.000000	19.722878
	32.800000	1.000000	21.530625
	33.000000	1.000000	19.248198
	33.200000	1.000000	21.917130
	33.400000	1.000000	24.063393
	33.600000	1.000000	18.540942
	33.800000	1.000000	22.763052
	34.000000	1.000000	20.089569
	34.200000	1.000000	24.670490
	34.400000	1.000000	22.834080
	34.600000	1.000000	24.799084
	34.800000	1.000000	21.738748
	35.000000	1.000000	23.157822
	35.200000	1.000000	23.096005
	35.400000	1.000000	24.994074
	35.600000	1.000000	23.765398
	35.800000	1.000000	25.822808
	36.000000	1.000000	23.837019
	36.200000	1.000000	23.193677
	36.400000	1.000000	25.221616
	36.600000	1.000000	22.161238
	36.800000	1.000000	27.872431
	37.000000	1.000000	25.393964
	37.200000	1.000000	26.221447
	37.400000	1.000000	25.992760
	37.600000	1.000000	26.099104
	37.800000	1.000000	25.043769
	38.000000	1.000000	28.776264
	38.200000	1.000000	25.824410
	38.400000	1.000000	28.615303
	38.600000	1.000000	31.169841
	38.800000	1.000000	25.270081
	39.000000	1.000000	27.261194
	39.200000	1.000000	28.338363
	39.400000	1.000000	29.484877
	39.600000	1.000000	27.257852
	39.800000	1.000000	27.226918
	40.000000	1.000000	29.454703
	40.200000	1.000000	29.531928
	40.400000	1.000000	28.530120
	40.600000	1.000000	30.082611
	40.800000	1.000000	34.184666
	41.000000	1.000000	29.431510
	41.200000	1.000000	28.198311
	41.400000	1.000000	30.835189
	41.600000	1.000000	31.162324
	41.800000	1.000000	28.232754
	42.000000	1.000000	31.645199
	42.200000	1.000000	34.867192
	42.400000	1.000000	29.562890
	42.600000	1.000000	32.556876
	42.800000	1.000000	31.198537
	43.000000	1.000000	35.382054
	43.200000	1.000000	34.762127
	43.400000	1.000000	35.382363
	43.600000	1.000000	29.390557
	43.800000	1.000000	35.296214
	44.000000	1.000000	34.039707
	44.200000	1.000000	33.888797
	44.400000	1.000000	34.454055
	44.600000	1.000000	33.239307
	44.800000	1.000000	33.413008
	45.000000	1.000000	35.063858
	45.200000	1.000000	36.063474
	45.400000	1.000000	35.994752
	45.600000	1.000000	37.667040
	45.800000	1.000000	36.292714
	46.000000	1.000000	32.263330
	46.200000	1.000000	36.201214
	46.400000	1.000000	35.833497
	46.600000	1.000000	38.442192
	46.800000	1.000000	37.382328
	47.000000	1.000000	41.078164
	47.200000	1.000000	37.245873
	47.400000	1.000000	39.331719
	47.600000	1.000000	38.264351
	47.800000	1.000000	36.737091
	48.000000	1.000000	37.733759
	48.200000	1.000000	38.152602
	48.400000	1.000000	39.721590
	48.600000	1.000000	42.106205
	48.800000	1.000000	43.284403
	49.000000	1.000000	35.872240
	49.200000	1.000000	41.015247
	49.400000	1.000000	40.665695
	49.600000	1.000000	41.487224
	49.800000	1.000000	40.681738
	50.000000	1.000000	38.953670
	50.200000	1.000000	41.025245
	50.400000	1.000000	41.431116
	50.600000	1.000000	38.325724
	50.800000	1.000000	40.956221
	51.000000	1.000000	45.348836
	51.200000	1.000000	41.171642
	51.400000	1.000000	42.038065
	51.600000	1.000000	40.696683
	51.800000	1.000000	42.755459
	52.000000	1.000000	43.550421
	52.200000	1.000000	40.792799
	52.400000	1.000000	39.638187
	52.600000	1.000000	44.515668
	52.800000	1.000000	41.489343
	53.000000	1.000000	40.401848
	53.200000	1.000000	45.589930
	53.400000	1.000000	45.497143
	53.600000	1.000000	44.934822
	53.800000	1.000000	46.632759
	54.000000	1.000000	46.402380
	54.200000	1.000000	46.410888
	54.400000	1.000000	44.953887
	54.600000	1.000000	43.282763
	54.800000	1.000000	47.067184
	55.000000	1.000000	42.130298
	55.200000	1.000000	45.467547
	55.400000	1.000000	45.233218
	55.600000	1.000000	45.474753
	55.800000	1.000000	46.869394
	56.000000	1.000000	44.437480
	56.200000	1.000000	46.411197
	56.400000	1.000000	46.543769
	56.600000	1.000000	50.041137
	56.800000	1.000000	44.768458
	57.000000	1.000000	48.220173
	57.200000	1.000000	44.557321
	57.400000	1.000000	47.284197
	57.600000	1.000000	45.972522
	57.800000	1.000000	44.925486
	58.000000	1.000000	48.238327
	58.200000	1.000000	50.825607
	58.400000	1.000000	45.264521
	58.600000	1.000000	51.569485
	58.800000	1.000000	46.518640
	59.000000	1.000000	49.127489
	59.200000	1.000000	46.922796
	59.400000	1.000000	49.030797
	59.600000	1.000000	48.998946
	59.800000	1.000000	47.545794
	60.000000	1.000000	50.778433
	60.200000	1.000000	49.549118
	60.400000	1.000000	49.784995
	60.600000	1.000000	50.935086
	60.800000	1.000000	51.539425
	61.000000	1.000000	50.949926
	61.200000	1.000000	47.280390
	61.400000	1.000000	47.210625
	61.600000	1.000000	49.405951
	61.800000	1.000000	53.015033
	62.000000	1.000000	50.269671
	62.200000	1.000000	51.228163
	62.400000	1.000000	53.012851
	62.600000	1.000000	54.328404
	62.800000	1.000000	49.562597
	63.000000	1.000000	50.725839
	63.200000	1.000000	52.076229
	63.400000	1.000000	53.180993
	63.600000	1.000000	51.033204
	63.800000	1.000000	49.721938
	64.000000	1.000000	51.955362
	64.200000	1.000000	53.770696
	64.400000	1.000000	53.638048
	64.600000	1.000000	53.240149
	64.800000	1.000000	53.548735
	65.000000	1.000000	51.437239
	65.200000	1.000000	51.016538
	65.400000	1.000000	52.816338
	65.600000	1.000000	52.980247
	65.800000	1.000000	52.127711
	66.000000	1.000000	56.514824
	66.200000	1.000000	49.938335
	66.400000	1.000000	56.903724
	66.600000	1.000000	52.844057
	66.800000	1.000000	52.087478
	67.000000	1.000000	53.888987
	67.200000	1.000000	54.706473
	67.400000	1.000000	55.095590
	67.600000	1.000000	55.073412
	67.800000	1.000000	55.771584
	68.000000	1.000000	54.616716
	68.200000	1.000000	56.740644
	68.400000	1.000000	52.769282
	68.600000	1.000000	54.942000
	68.800000	1.000000	56.720057
	69.000000	1.000000	54.028494
	69.200000	1.000000	56.289127
	69.400000	1.000000	58.393519
	69.600000	1.000000	54.941630
	69.800000	1.000000	59.435791
	70.000000	1.000000	56.637934
	70.200000	1.000000	57.287471
	70.400000	1.000000	53.049283
	70.600000	1.000000	54.878930
	70.800000	1.000000	58.739389
	71.000000	1.000000	55.442292
	71.200000	1.000000	60.248674
	71.400000	1.000000	58.863051
	71.600000	1.000000	55.842871
	71.800000	1.000000	56.094374
	72.000000	1.000000	58.598267
	72.200000	1.000000	55.765616
	72.400000	1.000000	60.040808
	72.600000	1.000000	55.771353
	72.800000	1.000000	58.208779
	73.000000	1.000000	55.797637
	73.200000	1.000000	58.606121
	73.400000	1.000000	55.359010
	73.600000	1.000000	58.337443
	73.800000	1.000000	56.599677
	74.000000	1.000000	55.937211
	74.200000	1.000000	59.682036
	74.400000	1.000000	58.772786
	74.600000	1.000000	57.197315
	74.800000	1.000000	57.026347
	75.000000	1.000000	58.429629
	75.200000	1.000000	59.253323
	75.400000	1.000000	59.190827
	75.600000	1.000000	59.204764
	75.800000	1.000000	62.616895
	76.000000	1.000000	61.142294
	76.200000	1.000000	59.545001
	76.400000	1.000000	60.098362
	76.600000	1.000000	62.081176
	76.800000	1.000000	60.056257
	77.000000	1.000000	61.071076
	77.200000	1.000000	58.339707
	77.400000	1.000000	61.298494
	77.600000	1.000000	60.543806
	77.800000	1.000000	63.406273
	78.000000	1.000000	61.966950
	78.200000	1.000000	58.434022
	78.400000	1.000000	59.022463
	78.600000	1.000000	62.277945
	78.800000	1.000000	61.610259
	79.000000	1.000000	63.180622
	79.200000	1.000000	61.195261
	79.400000	1.000000	60.295218
	79.600000	1.000000	65.064572
	79.800000	1.000000	64.447442
	80.000000	1.000000	61.811971
	80.200000	1.000000	60.819660
	80.400000	1.000000	59.440102
	80.600000	1.000000	63.560845
	80.800000	1.000000	61.003153
	81.000000	1.000000	63.463862
	81.200000	1.000000	59.481705
	81.400000	1.000000	60.606332
	81.600000	1.000000	61.274382
	81.800000	1.000000	63.358681
	82.000000	1.000000	60.416327
	82.200000	1.000000	61.714537
	82.400000	1.000000	62.722349
	82.600000	1.000000	63.393065
	82.800000	1.000000	62.038321
	83.000000	1.000000	63.753591
	83.200000	1.000000	61.805370
	83.400000	1.000000	62.588109
	83.600000	1.000000	63.057005
	83.800000	1.000000	64.867994
	84.000000	1.000000	61.844218
	84.200000	1.000000	62.320873
	84.400000	1.000000	64.863617
	84.600000	1.000000	65.322926
	84.800000	1.000000	63.563146
	85.000000	1.000000	61.243503
	85.200000	1.000000	61.450183
	85.400000	1.000000	65.854921
	85.600000	1.000000	63.989519
	85.800000	1.000000	62.485090
	86.000000	1.000000	64.086438
	86.200000	1.000000	64.162611
	86.400000	1.000000	65.808414
	86.600000	1.000000	63.173357
	86.800000	1.000000	64.207029
	87.000000	1.000000	63.874576
	87.200000	1.000000	67.825971
	87.400000	1.000000	65.659881
	87.600000	1.000000	63.668058
	87.800000	1.000000	62.282250
	88.000000	1.000000	64.769424
	88.200000	1.000000	64.693941
	88.400000	1.000000	63.724966
	88.600000	1.000000	62.988259
	88.800000	1.000000	64.020421
	89.000000	1.000000	62.429437
	89.200000	1.000000	62.514486
	89.400000	1.000000	65.940741
	89.600000	1.000000	65.494187
	89.800000	1.000000	65.111742
	90.000000	1.000000	63.852807
	90.200000	1.000000	62.609203
	90.400000	1.000000	66.881763
	90.600000	1.000000	65.955133
	90.800000	1.000000	64.850848
	91.000000	1.000000	67.795114
	91.200000	1.000000	62.994149
	91.400000	1.000000	64.120002
	91.600000	1.000000	64.222397
	91.800000	1.000000	63.710211
	92.000000	1.000000	62.115025
	92.200000	1.000000	64.316149
	92.400000	1.000000	66.602615
	92.600000	1.000000	64.492731
	92.800000	1.000000	68.781208
	93.000000	1.000000	64.637834
	93.200000	1.000000	65.827004
	93.400000	1.000000	65.533473
	93.600000	1.000000	64.310969
	93.800000	1.000000	66.817635
	94.000000	1.000000	64.650429
	94.200000	1.000000	70.700983
	94.400000	1.000000	64.523749
	94.600000	1.000000	65.776211
	94.800000	1.000000	67.683513
	95.000000	1.000000	64.776253
	95.200000	1.000000	66.816920
	95.400000	1.000000	64.549552
	95.600000	1.000000	65.611248
	95.800000	1.000000	70.188952
	96.000000	1.000000	62.546034
	96.200000	1.000000	68.381607
	96.400000	1.000000	67.574287
	96.600000	1.000000	69.703511
	96.800000	1.000000	66.504157
	97.000000	1.000000	64.737439
	97.200000	1.000000	63.855520
	97.400000	1.000000	69.724803
	97.600000	1.000000	64.469753
	97.800000	1.000000	67.224745
	98.000000	1.000000	66.046834
	98.200000	1.000000	66.394138
	98.400000	1.000000	69.278160
	98.600000	1.000000	67.388189
	98.800000	1.000000	65.951751
	99.000000	1.000000	70.857471
	99.200000	1.000000	67.397557
	99.400000	1.000000	66.747351
	99.600000	1.000000	67.182579
	99.800000	1.000000	70.432474
	100.000000	1.000000	67.684282
	100.200000	1.000000	66.331881
	100.400000	1.000000	68.111960
	100.600000	1.000000	70.417842
	100.800000	1.000000	69.903616
	101.000000	1.000000	64.038892
	101.200000	1.000000	66.934347
	101.400000	1.000000	67.430182
	101.600000	1.000000	65.283999
	101.800000	1.000000	68.601440
	102.000000	1.000000	67.376429
	102.200000	1.000000	68.782486
	102.400000	1.000000	70.018780
	102.600000	1.000000	67.955147
	102.800000	1.000000	70.322207
	103.000000	1.000000	67.051214
	103.200000	1.000000	65.576453
	103.400000	1.000000	67.047362
	103.600000	1.000000	69.155191
	103.800000	1.000000	68.757003
	104.000000	1.000000	68.642374
	104.200000	1.000000	67.778746
	104.400000	1.000000	66.243971
	104.600000	1.000000	69.111553
	104.800000	1.000000	66.206981
	105.000000	1.000000	67.882995
	105.200000	1.000000	69.099994
	105.400000	1.000000	68.106899
	105.600000	1.000000	68.263040
	105.800000	1.000000	67.657964
	106.000000	1.000000	65.154233
	106.200000	1.000000	68.327005
	106.400000	1.000000	67.138575
	106.600000	1.000000	68.717758
	106.800000	1.000000	67.679242
	107.000000	1.000000	71.850552
	107.200000	1.000000	67.171613
	107.400000	1.000000	68.341917
	107.600000	1.000000	69.511622
	107.800000	1.000000	66.626023
	108.000000	1.000000	68.852622
	108.200000	1.000000	68.600616
	108.400000	1.000000	71.291683
	108.600000	1.000000	67.969866
	108.800000	1.000000	65.556076
	109.000000	1.000000	66.635647
	109.200000	1.000000	68.811484
	109.400000	1.000000	69.670923
	109.600000	1.000000	69.173746
	109.800000	1.000000	69.415185
	110.000000	1.000000	68.113952
	110.200000	1.000000	67.476557
	110.400000	1.000000	72.731125
	110.600000	1.000000	67.253910
	110.800000	1.000000	68.247708
	111.000000	1.000000	67.377816
	111.200000	1.000000	69.221302
	111.400000	1.000000	68.401677
	111.600000	1.000000	68.436755
	111.800000	1.000000	68.749525
	112.000000	1.000000	69.320305
	112.200000	1.000000	73.004651
	112.400000	1.000000	69.051128
	112.600000	1.000000	69.005962
	112.800000	1.000000	69.671295
	113.000000	1.000000	70.380985
	113.200000	1.000000	71.079813
	113.400000	1.000000	68.354957
	113.600000	1.000000	66.943121
	113.800000	1.000000	71.572791
	114.000000	1.000000	70.262497
	114.200000	1.000000	70.618108
	114.400000	1.000000	70.019042
	114.600000	1.000000	71.306166
	114.800000	1.000000	68.060341
	115.000000	1.000000	67.793091
	115.200000	1.000000	70.113930
	115.400000	1.000000	70.790635
	115.600000	1.000000	70.631247
	115.800000	1.000000	70.344812
	116.000000	1.000000	70.311775
	116.200000	1.000000	69.484127
	116.400000	1.000000	73.429836
	116.600000	1.000000	69.445236
	116.800000	1.000000	70.099679
	117.000000	1.000000	69.070847
	117.200000	1.000000	73.850085
	117.400000	1.000000	72.716555
	117.600000	1.000000	72.836527
	117.800000	1.000000	71.281194
	118.000000	1.000000	72.421137
	118.200000	1.000000	70.805297
	118.400000	1.000000	73.688270
	118.600000	1.000000	69.144636
	118.800000	1.000000	69.076017
	119.000000	1.000000	70.082993
	119.200000	1.000000	68.710683
	119.400000	1.000000	72.982116
	119.600000	1.000000	66.696068
	119.800000	1.000000	72.172066
	120.000000	1.000000	69.072893
	120.200000	1.000000	72.587367
	120.400000	1.000000	70.672637
	120.600000	1.000000	71.956454
	120.800000	1.000000	71.612095
	121.000000	1.000000	71.062367
	121.200000	1.000000	68.763893
	121.400000	1.000000	71.917975
	121.600000	1.000000	70.521354
	121.800000	1.000000	70.782962
	122.000000	1.000000	70.068374
	122.200000	1.000000	72.541302
	122.400000	1.000000	70.573224
	122.600000	1.000000	70.000944
	122.800000	1.000000	69.951248
	123.000000	1.000000	68.366024
	123.200000	1.000000	70.815506
	123.400000	1.000000	71.259682
	123.600000	1.000000	71.287940
	123.800000	1.000000	75.113294
	124.000000	1.000000	72.438194
	124.200000	1.000000	71.602990
	124.400000	1.000000	69.218572
	124.600000	1.000000	69.599579
	124.800000	1.000000	70.508750
	125.000000	1.000000	73.152166
	125.200000	1.000000	70.611433
	125.400000	1.000000	67.523885
	125.600000	1.000000	69.745793
	125.800000	1.000000	73.907051
	126.000000	1.000000	72.934219
	126.200000	1.000000	69.365072
	126.400000	1.000000	70.467282
	126.600000	1.000000	72.994094
	126.800000	1.000000	70.020434
	127.000000	1.000000	71.387387
	127.200000	1.000000	69.652526
	127.400000	1.000000	70.772450
	127.600000	1.000000	69.607846
	127.800000	1.000000	73.362865
	128.000000	1.000000	70.266527
	128.200000	1.000000	68.847928
	128.400000	1.000000	72.934091
	128.600000	1.000000	72.311702
	128.800000	1.000000	69.518855
	129.000000	1.000000	72.781122
	129.200000	1.000000	71.889816
	129.400000	1.000000	71.107370
	129.600000	1.000000	73.578960
	129.800000	1.000000	72.551098
	130.000000	1.000000	74.553452
	130.200000	1.000000	74.812279
	130.400000	1.000000	72.825318
	130.600000	1.000000	69.650267
	130.800000	1.000000	71.802912
	131.000000	1.000000	74.747855
	131.200000	1.000000	71.727362
	131.400000	1.000000	72.502610
	131.600000	1.000000	72.661426
	131.800000	1.000000	67.983396
	132.000000	1.000000	73.891144
	132.200000	1.000000	71.506617
	132.400000	1.000000	70.321188
	132.600000	1.000000	73.584065
	132.800000	1.000000	71.419831
	133.000000	1.000000	74.416571
	133.200000	1.000000	73.842409
	133.400000	1.000000	75.320737
	133.600000	1.000000	71.818730
	133.800000	1.000000	73.122623
	134.000000	1.000000	72.273031
	134.200000	1.000000	72.651142
	134.400000	1.000000	71.350508
	134.600000	1.000000	72.140392
	134.800000	1.000000	74.701595
	135.000000	1.000000	72.187433
	135.200000	1.000000	70.524922
	135.400000	1.000000	73.428567
	135.600000	1.000000	72.297264
	135.800000	1.000000	73.668934
	136.000000	1.000000	73.129887
	136.200000	1.000000	70.527799
	136.400000	1.000000	72.097248
	136.600000	1.000000	73.052456
	136.800000	1.000000	71.340175
	137.000000	1.000000	69.646315
	137.200000	1.000000	71.292268
	137.400000	1.000000	68.095346
	137.600000	1.000000	71.808595
	137.800000	1.000000	72.749527
	138.000000	1.000000	71.009986
	138.200000	1.000000	73.273101
	138.400000	1.000000	69.213951
	138.600000	1.000000	74.703149
	138.800000	1.000000	68.858956
	139.000000	1.000000	71.902227
	139.200000	1.000000	71.465988
	139.400000	1.000000	74.615420
	139.600000	1.000000	74.136287
	139.800000	1.000000	70.639942
	140.000000	1.000000	70.921158
	140.200000	1.000000	70.419552
	140.400000	1.000000	74.163618
	140.600000	1.000000	73.838867
	140.800000	1.000000	73.895379
	141.000000	1.000000	73.853213
	141.200000	1.000000	72.217545
	141.400000	1.000000	70.390469
	141.600000	1.000000	76.136333
	141.800000	1.000000	69.986326
	142.000000	1.000000	71.330756
	142.200000	1.000000	73.268805
	142.400000	1.000000	72.780406
	142.600000	1.000000	71.272464
	142.800000	1.000000	70.339559
	143.000000	1.000000	70.408952
	143.200000	1.000000	71.320339
	143.400000	1.000000	73.676145
	143.600000	1.000000	74.380087
	143.800000	1.000000	73.818781
	144.000000	1.000000	73.003581
	144.200000	1.000000	74.410603
	144.400000	1.000000	70.222094
	144.600000	1.000000	72.181323
	144.800000	1.000000	72.729103
	145.000000	1.000000	77.329875
	145.200000	1.000000	76.562683
	145.400000	1.000000	70.937271
	145.600000	1.000000	73.979030
	145.800000	1.000000	72.497841
	146.000000	1.000000	71.699172
	146.200000	1.000000	73.586485
	146.400000	1.000000	75.106886
	146.600000	1.000000	72.226885
	146.800000	1.000000	75.084741
	147.000000	1.000000	70.651763
	147.200000	1.000000	70.988542
	147.400000	1.000000	73.283690
	147.600000	1.000000	74.957948
	147.800000	1.000000	70.553492
	148.000000	1.000000	74.268666
	148.200000	1.000000	72.360695
	148.400000	1.000000	71.448345
	148.600000	1.000000	70.579061
	148.800000	1.000000	70.137703
	149.000000	1.000000	74.508387
	149.200000	1.000000	72.140978
	149.400000	1.000000	74.008536
	149.600000	1.000000	68.205274
	149.800000	1.000000	72.166813
	150.000000	1.000000	72.993663
	150.200000	1.000000	70.967233
	150.400000	1.000000	72.637310
	150.600000	1.000000	69.049110
	150.800000	1.000000	74.754904
	151.000000	1.000000	71.672344
	151.200000	1.000000	68.741544
	151.400000	1.000000	71.100074
	151.600000	1.000000	70.617928
	151.800000	1.000000	72.834327
	152.000000	1.000000	71.664991
	152.200000	1.000000	75.157700
	152.400000	1.000000	71.264827
	152.600000	1.000000	70.794640
	152.800000	1.000000	72.913234
	153.000000	1.000000	71.843653
	153.200000	1.000000	73.518537
	153.400000	1.000000	72.345342
	153.600000	1.000000	71.999183
	153.800000	1.000000	72.213855
	154.000000	1.000000	71.243907
	154.200000	1.000000	68.854548
	154.400000	1.000000	70.925499
	154.600000	1.000000	72.232693
	154.800000	1.000000	74.616029
	155.000000	1.000000	71.088351
	155.200000	1.000000	69.541969
	155.400000	1.000000	70.298426
	155.600000	1.000000	73.346547
	155.800000	1.000000	72.976607
	156.000000	1.000000	71.185299
	156.200000	1.000000	72.432372
	156.400000	1.000000	74.264486
	156.600000	1.000000	75.633232
	156.800000	1.000000	73.150587
	157.000000	1.000000	75.613227
	157.200000	1.000000	70.033354
	157.400000	1.000000	70.551691
	157.600000	1.000000	72.034982
	157.800000	1.000000	72.869476
	158.000000	1.000000	72.413812
	158.200000	1.000000	72.015687
	158.400000	1.000000	71.824088
	158.600000	1.000000	72.930225
	158.800000	1.000000	73.769717
	159.000000	1.000000	74.849241
	159.200000	1.000000	76.700701
	159.400000	1.000000	76.937549
	159.600000	1.000000	73.013353
	159.800000	1.000000	74.368727
	160.000000	1.000000	73.668022
	160.200000	1.000000	74.092867
	160.400000	1.000000	77.047562
	160.600000	1.000000	72.574530
	160.800000	1.000000	72.761481
	161.000000	1.000000	72.938599
	161.200000	1.000000	74.352520
	161.400000	1.000000	72.883837
	161.600000	1.000000	72.400347
	161.800000	1.000000	71.109808
	162.000000	1.000000	71.375607
	162.200000	1.000000	72.330465
	162.400000	1.000000	73.672681
	162.600000	1.000000	74.335256
	162.800000	1.000000	71.065005
	163.000000	1.000000	75.996192
	163.200000	1.000000	71.628461
	163.400000	1.000000	71.373085
	163.600000	1.000000	72.538621
	163.800000	1.000000	72.579154
	164.000000	1.000000	71.716384
	164.200000	1.000000	68.428970
	164.400000	1.000000	73.778642
	164.600000	1.000000	71.565226
	164.800000	1.000000	71.687417
	165.000000	1.000000	73.195687
	165.200000	1.000000	72.079785
	165.400000	1.000000	71.109508
	165.600000	1.000000	72.196699
	165.800000	1.000000	71.232363
	166.000000	1.000000	70.705244
	166.200000	1.000000	73.580964
	166.400000	1.000000	72.770093
	166.600000	1.000000	73.916354
	166.800000	1.000000	69.363471
	167.000000	1.000000	72.713677
	167.200000	1.000000	75.073313
	167.400000	1.000000	72.308257
	167.600000	1.000000	71.364528
	167.800000	1.000000	70.384015
	168.000000	1.000000	70.583133
	168.200000	1.000000	70.153060
	168.400000	1.000000	71.864142
	168.600000	1.000000	73.535150
	168.800000	1.000000	71.365242
	169.000000	1.000000	73.294321
	169.200000	1.000000	73.931193
	169.400000	1.000000	70.981370
	169.600000	1.000000	73.332221
	169.800000	1.000000	74.758041
	170.000000	1.000000	72.275433
	170.200000	1.000000	73.130861
	170.400000	1.000000	73.972689
	170.600000	1.000000	73.899953
	170.800000	1.000000	74.155573
	171.000000	1.000000	73.082128
	171.200000	1.000000	76.099185
	171.400000	1.000000	72.597222
	171.600000	1.000000	74.785348
	171.800000	1.000000	72.519114
	172.000000	1.000000	72.260113
	172.200000	1.000000	70.733568
	172.400000	1.000000	72.997068
	172.600000	1.000000	74.664645
	172.800000	1.000000	69.668135
	173.000000	1.000000	74.619220
	173.200000	1.000000	73.587341
	173.400000	1.000000	70.925825
	173.600000	1.000000	72.429223
	173.800000	1.000000	71.855281
	174.000000	1.000000	72.951068
	174.200000	1.000000	72.344617
	174.400000	1.000000	74.224012
	174.600000	1.000000	73.809090
	174.800000	1.000000	73.152752
	175.000000	1.000000	73.001683
	175.200000	1.000000	72.536012
	175.400000	1.000000	73.100602
	175.600000	1.000000	73.336384
	175.800000	1.000000	71.736772
	176.000000	1.000000	70.881075
	176.200000	1.000000	72.626002
	176.400000	1.000000	73.338703
	176.600000	1.000000	73.311309
	176.800000	1.000000	70.853102
	177.000000	1.000000	73.577759
	177.200000	1.000000	72.626756
	177.400000	1.000000	69.459542
	177.600000	1.000000	73.958364
	177.800000	1.000000	72.693167
	178.000000	1.000000	73.369647
	178.200000	1.000000	71.680510
	178.400000	1.000000	72.006189
	178.600000	1.000000	74.631241
	178.800000	1.000000	74.435381
	179.000000	1.000000	73.140662
	179.200000	1.000000	71.611082
	179.400000	1.000000	70.848839
	179.600000	1.000000	71.723612
	179.800000	1.000000	75.918600
	180.000000	1.000000	71.822458
	180.200000	1.000000	72.206089
	180.400000	1.000000	73.620420
	180.600000	1.000000	71.736951
	180.800000	1.000000	73.188487
	181.000000	1.000000	72.295473
	181.200000	1.000000	71.428678
	181.400000	1.000000	70.135438
	181.600000	1.000000	73.801946
	181.800000	1.000000	73.293157
	182.000000	1.000000	70.265925
	182.200000	1.000000	73.758790
	182.400000	1.000000	70.974538
	182.600000	1.000000	71.605411
	182.800000	1.000000	72.794459
	183.000000	1.000000	72.532904
	183.200000	1.000000	73.765412
	183.400000	1.000000	70.773438
	183.600000	1.000000	70.654882
	183.800000	1.000000	69.754695
	184.000000	1.000000	69.674679
	184.200000	1.000000	71.142982
	184.400000	1.000000	73.559415
	184.600000	1.000000	73.711933
	184.800000	1.000000	72.533106
	185.000000	1.000000	72.121760
	185.200000	1.000000	71.448551
	185.400000	1.000000	71.977003
	185.600000	1.000000	70.995884
	185.800000	1.000000	69.768679
	186.000000	1.000000	72.828223
	186.200000	1.000000	71.712438
	186.400000	1.000000	70.893106
	186.600000	1.000000	71.141239
	186.800000	1.000000	70.183587
	187.000000	1.000000	72.618634
	187.200000	1.000000	73.615876
	187.400000	1.000000	72.505335
	187.600000	1.000000	69.515656
	187.800000	1.000000	76.288482
	188.000000	1.000000	73.185723
	188.200000	1.000000	72.531355
	188.400000	1.000000	71.473895
	188.600000	1.000000	74.378732
	188.800000	1.000000	75.055312
	189.000000	1.000000	73.594368
	189.200000	1.000000	73.533293
	189.400000	1.000000	73.784682
	189.600000	1.000000	73.627015
	189.800000	1.000000	72.161056
	190.000000	1.000000	71.960842
	190.200000	1.000000	73.037049
	190.400000	1.000000	75.043908
	190.600000	1.000000	69.823304
	190.800000	1.000000	73.678569
	191.000000	1.000000	73.677609
	191.200000	1.000000	75.916683
	191.400000	1.000000	75.465887
	191.600000	1.000000	76.304782
	191.800000	1.000000	73.907252
	192.000000	1.000000	75.285645
	192.200000	1.000000	73.141749
	192.400000	1.000000	71.683022
	192.600000	1.000000	73.681377
	192.800000	1.000000	71.588448
	193.000000	1.000000	69.776074
	193.200000	1.000000	74.880871
	193.400000	1.000000	73.934246
	193.600000	1.000000	69.281391
	193.800000	1.000000	71.422303
	194.000000	1.000000	73.781243
	194.200000	1.000000	71.747131
	194.400000	1.000000	74.589862
	194.600000	1.000000	71.391461
	194.800000	1.000000	71.946298
	195.000000	1.000000	74.530028
	195.200000	1.000000	71.450637
	195.400000	1.000000	72.304398
	195.600000	1.000000	70.164834
	195.800000	1.000000	75.571633
	196.000000	1.000000	74.257934
	196.200000	1.000000	75.866868
	196.400000	1.000000	72.708878
	196.600000	1.000000	72.322790
	196.800000	1.000000	73.653682
	197.000000	1.000000	75.719229
	197.200000	1.000000	70.949120
	197.400000	1.000000	73.883570
	197.600000	1.000000	68.290964
	197.800000	1.000000	73.461681
	198.000000	1.000000	70.055532
	198.200000	1.000000	74.399649
	198.400000	1.000000	75.486968
	198.600000	1.000000	73.692708
	198.800000	1.000000	71.914316
	199.000000	1.000000	74.075288
	199.200000	1.000000	75.194188
	199.400000	1.000000	74.453331
	199.600000	1.000000	75.670671
	199.800000	1.000000	69.408103
	200.000000	1.000000	74.559000
	200.200000	1.000000	71.160029
	200.400000	1.000000	72.900367
	200.600000	1.000000	73.430399
	200.800000	1.000000	71.952598
	201.000000	1.000000	74.634069
	201.200000	1.000000	72.852355
	201.400000	1.000000	75.005065
	201.600000	1.000000	74.177724
	201.800000	1.000000	71.428009
	202.000000	1.000000	73.186641
	202.200000	1.000000	74.349966
	202.400000	1.000000	71.558773
	202.600000	1.000000	72.863432
	202.800000	1.000000	74.454431
	203.000000	1.000000	71.453313
	203.200000	1.000000	73.007669
	203.400000	1.000000	75.719258
	203.600000	1.000000	74.849031
	203.800000	1.000000	74.048466
	204.000000	1.000000	72.714705
	204.200000	1.000000	74.002252
	204.400000	1.000000	74.132107
	204.600000	1.000000	75.728487
	204.800000	1.000000	75.643498
	205.000000	1.000000	71.128560
	205.200000	1.000000	72.203243
	205.400000	1.000000	73.151257
	205.600000	1.000000	73.797020
	205.800000	1.000000	75.189008
	206.000000	1.000000	70.878247
	206.200000	1.000000	73.827871
	206.400000	1.000000	74.513142
	206.600000	1.000000	70.735493
	206.800000	1.000000	72.324404
	207.000000	1.000000	75.978286
	207.200000	1.000000	73.551474
	207.400000	1.000000	71.867596
	207.600000	1.000000	72.118086
	207.800000	1.000000	73.226003
	208.000000	1.000000	71.600038
	208.200000	1.000000	72.787787
	208.400000	1.000000	74.535046
	208.600000	1.000000	73.687197
	208.800000	1.000000	72.087955
	209.000000	1.000000	74.759203
	209.200000	1.000000	70.103008
	209.400000	1.000000	73.459752
	209.600000	1.000000	70.664160
	209.800000	1.000000	73.644543
	210.000000	1.000000	71.359495
	210.200000	1.000000	74.220195
	210.400000	1.000000	71.397785
	210.600000	1.000000	75.151822
	210.800000	1.000000	70.004175
	211.000000	1.000000	73.051808
	211.200000	1.000000	71.662871
	211.400000	1.000000	72.714151
	211.600000	1.000000	73.991950
	211.800000	1.000000	73.854162
	212.000000	1.000000	71.434269
	212.200000	1.000000	72.486312
	212.400000	1.000000	72.245914
	212.600000	1.000000	75.411498
	212.800000	1.000000	73.898007
	213.000000	1.000000	74.514959
	213.200000	1.000000	73.237398
	213.400000	1.000000	72.015722
	213.600000	1.000000	71.800931
	213.800000	1.000000	70.941712
	214.000000	1.000000	75.727692
	214.200000	1.000000	73.098366
	214.400000	1.000000	73.022219
	214.600000	1.000000	71.129671
	214.800000	1.000000	74.119161
	215.000000	1.000000	73.131274
	215.200000	1.000000	73.338914
	215.400000	1.000000	72.464051
	215.600000	1.000000	73.203541
	215.800000	1.000000	74.975001
	216.000000	1.000000	75.590650
	216.200000	1.000000	70.300521
	216.400000	1.000000	72.531310
	216.600000	1.000000	72.439036
	216.800000	1.000000	72.603893
	217.000000	1.000000	72.178375
	217.200000	1.000000	72.020538
	217.400000	1.000000	75.943891
	217.600000	1.000000	72.317884
	217.800000	1.000000	70.442451
	218.000000	1.000000	72.313958
	218.200000	1.000000	74.264461
	218.400000	1.000000	76.343700
	218.600000	1.000000	73.482958
	218.800000	1.000000	69.572126
	219.000000	1.000000	71.203269
	219.200000	1.000000	73.412689
	219.400000	1.000000	73.194871
	219.600000	1.000000	72.584164
	219.800000	1.000000	72.133652
	220.000000	1.000000	73.455251
	220.200000	1.000000	76.109545
	220.400000	1.000000	70.230492
	220.600000	1.000000	69.337117
	220.800000	1.000000	73.660962
	221.000000	1.000000	73.562459
	221.200000	1.000000	70.815746
	221.400000	1.000000	73.489750
	221.600000	1.000000	73.307807
	221.800000	1.000000	72.683594
	222.000000	1.000000	70.538906
	222.200000	1.000000	72.578114
	222.400000	1.000000	73.664759
	222.600000	1.000000	73.217401
	222.800000	1.000000	71.740053
	223.000000	1.000000	72.547033
	223.200000	1.000000	71.234642
	223.400000	1.000000	74.537695
	223.600000	1.000000	71.359521
	223.800000	1.000000	72.485904
	224.000000	1.000000	73.468911
	224.200000	1.000000	73.068669
	224.400000	1.000000	74.714027
	224.600000	1.000000	73.398201
	224.800000	1.000000	72.966621
	225.000000	1.000000	70.457245
	225.200000	1.000000	73.891040
	225.400000	1.000000	74.947248
	225.600000	1.000000	70.324914
	225.800000	1.000000	75.499224
	226.000000	1.000000	70.934465
	226.200000	1.000000	72.845022
	226.400000	1.000000	73.694082
	226.600000	1.000000	73.169480
	226.800000	1.000000	73.773178
	227.000000	1.000000	72.273024
	227.200000	1.000000	75.579030
	227.400000	1.000000	72.104257
	227.600000	1.000000	73.745219
	227.800000	1.000000	75.384036
	228.000000	1.000000	71.672015
	228.200000	1.000000	74.646517
	228.400000	1.000000	71.127456
	228.600000	1.000000	73.227516
	228.800000	1.000000	76.041205
	229.000000	1.000000	74.793124
	229.200000	1.000000	75.842841
	229.400000	1.000000	75.625184
	229.600000	1.000000	71.655068
	229.800000	1.000000	71.656778
	230.000000	1.000000	72.351458
	230.200000	1.000000	71.179673
	230.400000	1.000000	72.880831
	230.600000	1.000000	71.341343
	230.800000	1.000000	74.322848
	231.000000	1.000000	70.323608
	231.200000	1.000000	71.266698
	231.400000	1.000000	73.510816
	231.600000	1.000000	72.903627
	231.800000	1.000000	72.260937
	232.000000	1.000000	73.104345
	232.200000	1.000000	72.241971
	232.400000	1.000000	73.023507
	232.600000	1.000000	71.126401
	232.800000	1.000000	73.660751
	233.000000	1.000000	73.557431
	233.200000	1.000000	74.358434
	233.400000	1.000000	72.840637
	233.600000	1.000000	70.215479
	233.800000	1.000000	76.557190
	234.000000	1.000000	67.622899
	234.200000	1.000000	74.614502
	234.400000	1.000000	74.520637
	234.600000	1.000000	71.560798
	234.800000	1.000000	72.487632
	235.000000	1.000000	71.837634
	235.200000	1.000000	73.496128
	235.400000	1.000000	71.769476
	235.600000	1.000000	73.909160
	235.800000	1.000000	72.656526
	236.000000	1.000000	76.531421
	236.200000	1.000000	71.307116
	236.400000	1.000000	73.346097
	236.600000	1.000000	75.524049
	236.800000	1.000000	73.122497
	237.000000	1.000000	73.545389
	237.200000	1.000000	71.336398
	237.400000	1.000000	70.362548
	237.600000	1.000000	75.119516
	237.800000	1.000000	70.922927
	238.000000	1.000000	74.264600
	238.200000	1.000000	76.058299
	238.400000	1.000000	72.566033
	238.600000	1.000000	75.498029
	238.800000	1.000000	71.433509
	239.000000	1.000000	70.753539
	239.200000	1.000000	71.694794
	239.400000	1.000000	73.818518
	239.600000	1.000000	69.369918
	239.800000	1.000000	75.306640
	240.000000	1.000000	74.971632
	240.200000	1.000000	75.734242
	240.400000	1.000000	72.319544
	240.600000	1.000000	75.225643
	240.800000	1.000000	75.643559
	241.000000	1.000000	71.849510
	241.200000	1.000000	73.650890
	241.400000	1.000000	74.824054
	241.600000	1.000000	71.955341
	241.800000	1.000000	71.892051
	242.000000	1.000000	72.188451
	242.200000	1.000000	73.542237
	242.400000	1.000000	72.837067
	242.600000	1.000000	72.389707
	242.800000	1.000000	73.355246
	243.000000	1.000000	73.583234
	243.200000	1.000000	69.694930
	243.400000	1.000000	71.096100
	243.600000	1.000000	72.385284
	243.800000	1.000000	71.559220
	244.000000	1.000000	74.648027
	244.200000	1.000000	74.792926
	244.400000	1.000000	71.444355
	244.600000	1.000000	72.905448
	244.800000	1.000000	70.131820
	245.000000	1.000000	71.946364
	245.200000	1.000000	71.513348
	245.400000	1.000000	72.901747
	245.600000	1.000000	74.500580
	245.800000	1.000000	69.785483
	246.000000	1.000000	73.641132
	246.200000	1.000000	75.094209
	246.400000	1.000000	72.114903
	246.600000	1.000000	75.154559
	246.800000	1.000000	73.549938
	247.000000	1.000000	74.431594
	247.200000	1.000000	74.506896
	247.400000	1.000000	72.581326
	247.600000	1.000000	74.260370
	247.800000	1.000000	71.845557
	248.000000	1.000000	72.724917
	248.200000	1.000000	72.650811
	248.400000	1.000000	75.700589
	248.600000	1.000000	73.195816
	248.800000	1.000000	72.808960
	249.000000	1.000000	70.597815
	249.200000	1.000000	72.368840
	249.400000	1.000000	72.854201
	249.600000	1.000000	72.760977
	249.800000	1.000000	72.559171
	250.000000	1.000000	73.192944
	250.200000	1.000000	74.413681
	250.400000	1.000000	70.521167
	250.600000	1.000000	72.538803
	250.800000	1.000000	70.919541
	251.000000	1.000000	72.115550
	251.200000	1.000000	74.652226
	251.400000	1.000000	72.537590
	251.600000	1.000000	74.277669
	251.800000	1.000000	73.325331
	252.000000	1.000000	75.387903
	252.200000	1.000000	74.266509
	252.400000	1.000000	73.495052
	252.600000	1.000000	71.195709
	252.800000	1.000000	74.950921
	253.000000	1.000000	73.068311
	253.200000	1.000000	69.820551
	253.400000	1.000000	74.798425
	253.600000	1.000000	71.820434
	253.800000	1.000000	71.604056
	254.000000	1.000000	71.991781
	254.200000	1.000000	73.626672
	254.400000	1.000000	72.881603
	254.600000	1.000000	70.801547
	254.800000	1.000000	73.582679
	255.000000	1.000000	73.784372
	255.200000	1.000000	72.158368
	255.400000	1.000000	70.054943
	255.600000	1.000000	75.391384
	255.800000	1.000000	73.765407
	256.000000	1.000000	71.366421
	256.200000	1.000000	74.841072
	256.400000	1.000000	75.757120
	256.600000	1.000000	72.214948
	256.800000	1.000000	73.970993
	257.000000	1.000000	74.212694
	257.200000	1.000000	72.289114
	257.400000	1.000000	75.743495
	257.600000	1.000000	77.078507
	257.800000	1.000000	71.422754
	258.000000	1.000000	71.344837
	258.200000	1.000000	69.685307
	258.400000	1.000000	71.081371
	258.600000	1.000000	73.492809
	258.800000	1.000000	75.259595
	259.000000	1.000000	73.614790
	259.200000	1.000000	75.553731
	259.400000	1.000000	72.804139
	259.600000	1.000000	74.221393
	259.800000	1.000000	72.503170
	260.000000	1.000000	75.437369
	260.200000	1.000000	69.715316
	260.400000	1.000000	72.370627
	260.600000	1.000000	69.015653
	260.800000	1.000000	74.165979
	261.000000	1.000000	73.427867
	261.200000	1.000000	71.076658
	261.400000	1.000000	72.888185
	261.600000	1.000000	72.170842
	261.800000	1.000000	68.748097
	262.000000	1.000000	71.131336
	262.200000	1.000000	72.675020
	262.400000	1.000000	75.541216
	262.600000	1.000000	74.096706
	262.800000	1.000000	70.859597
	263.000000	1.000000	72.295076
	263.200000	1.000000	72.078467
	263.400000	1.000000	74.208569
	263.600000	1.000000	73.282578
	263.800000	1.000000	73.536105
	264.000000	1.000000	71.676568
	264.200000	1.000000	72.071494
	264.400000	1.000000	72.316033
	264.600000	1.000000	72.316045
	264.800000	1.000000	71.027620
	265.000000	1.000000	73.938319
	265.200000	1.000000	71.034892
	265.400000	1.000000	69.680472
	265.600000	1.000000	70.603097
	265.800000	1.000000	75.201652
	266.000000	1.000000	77.374381
	266.200000	1.000000	72.525122
	266.400000	1.000000	76.801465
	266.600000	1.000000	72.763171
	266.800000	1.000000	71.962668
	267.000000	1.000000	72.595193
	267.200000	1.000000	73.104559
	267.400000	1.000000	72.920509
	267.600000	1.000000	75.410958
	267.800000	1.000000	71.763365
	268.000000	1.000000	73.278722
	268.200000	1.000000	74.848110
	268.400000	1.000000	73.389791
	268.600000	1.000000	74.026292
	268.800000	1.000000	73.391831
	269.000000	1.000000	72.799921
	269.200000	1.000000	74.250921
	269.400000	1.000000	74.213039
	269.600000	1.000000	75.307466
	269.800000	1.000000	73.407188
	270.000000	1.000000	70.450028
	270.200000	1.000000	72.773846
	270.400000	1.000000	73.988090
	270.600000	1.000000	73.319839
	270.800000	1.000000	73.884833
	271.000000	1.000000	72.696020
	271.200000	1.000000	71.714024
	271.400000	1.000000	73.719743
	271.600000	1.000000	73.146533
	271.800000	1.000000	71.153165
	272.000000	1.000000	74.985029
	272.200000	1.000000	72.907645
	272.400000	1.000000	71.795185
	272.600000	1.000000	77.048090
	272.800000	1.000000	72.941614
	273.000000	1.000000	72.779872
	273.200000	1.000000	73.550643
	273.400000	1.000000	73.045494
	273.600000	1.000000	74.229817
	273.800000	1.000000	72.968657
	274.000000	1.000000	73.513981
	274.200000	1.000000	73.064279
	274.400000	1.000000	71.116838
	274.600000	1.000000	76.525973
	274.800000	1.000000	71.980759
	275.000000	1.000000	70.925749
	275.200000	1.000000	74.148708
	275.400000	1.000000	74.673414
	275.600000	1.000000	73.404475
	275.800000	1.000000	73.809214
	276.000000	1.000000	74.941616
	276.200000	1.000000	73.242675
	276.400000	1.000000	72.879041
	276.600000	1.000000	70.931266
	276.800000	1.000000	73.775803
	277.000000	1.000000	74.462366
	277.200000	1.000000	72.229236
	277.400000	1.000000	74.969793
	277.600000	1.000000	73.386801
	277.800000	1.000000	71.739659
	278.000000	1.000000	76.686168
	278.200000	1.000000	72.962274
	278.400000	1.000000	74.718961
	278.600000	1.000000	71.976467
	278.800000	1.000000	73.854886
	279.000000	1.000000	72.062023
	279.200000	1.000000	74.890414
	279.400000	1.000000	70.800176
	279.600000	1.000000	74.097125
	279.800000	1.000000	72.598624
	280.000000	1.000000	74.677186
	280.200000	1.000000	75.099602
	280.400000	1.000000	74.566125
	280.600000	1.000000	73.123835
	280.800000	1.000000	72.548377
	281.000000	1.000000	72.382831
	281.200000	1.000000	72.635265
	281.400000	1.000000	72.149886
	281.600000	1.000000	74.685222
	281.800000	1.000000	72.986744
	282.000000	1.000000	69.163613
	282.200000	1.000000	72.912088
	282.400000	1.000000	71.369863
	282.600000	1.000000	74.830690
	282.800000	1.000000	72.395176
	283.000000	1.000000	70.832792
	283.200000	1.000000	71.775371
	283.400000	1.000000	73.954232
	283.600000	1.000000	71.625760
	283.800000	1.000000	69.991379
	284.000000	1.000000	76.443520
	284.200000	1.000000	73.204044
	284.400000	1.000000	73.400087
	284.600000	1.000000	72.856363
	284.800000	1.000000	74.231268
	285.000000	1.000000	74.957492
	285.200000	1.000000	71.616831
	285.400000	1.000000	71.470358
	285.600000	1.000000	69.476099
	285.800000	1.000000	73.839645
	286.000000	1.000000	72.768745
	286.200000	1.000000	74.154847
	286.400000	1.000000	72.939020
	286.600000	1.000000	72.395270
	286.800000	1.000000	75.453618
	287.000000	1.000000	75.880543
	287.200000	1.000000	72.529412
	287.400000	1.000000	74.338490
	287.600000	1.000000	74.400705
	287.800000	1.000000	70.019082
	288.000000	1.000000	75.851433
	288.200000	1.000000	71.989205
	288.400000	1.000000	72.239281
	288.600000	1.000000	74.697962
	288.800000	1.000000	73.896354
	289.000000	1.000000	73.334478
	289.200000	1.000000	70.833395
	289.400000	1.000000	74.114484
	289.600000	1.000000	74.348278
	289.800000	1.000000	71.512594
	290.000000	1.000000	72.298740
	290.200000	1.000000	73.853140
	290.400000	1.000000	73.018298
	290.600000	1.000000	72.270328
	290.800000	1.000000	71.548835
	291.000000	1.000000	71.866256
	291.200000	1.000000	76.917152
	291.400000	1.000000	72.706797
	291.600000	1.000000	72.161613
	291.800000	1.000000	70.451889
	292.000000	1.000000	75.045487
	292.200000	1.000000	70.110497
	292.400000	1.000000	68.521422
	292.600000	1.000000	72.997317
	292.800000	1.000000	71.676506
	293.000000	1.000000	77.158026
	293.200000	1.000000	73.390229
	293.400000	1.000000	72.254925
	293.600000	1.000000	73.688636
	293.800000	1.000000	70.945369
	294.000000	1.000000	73.205834
	294.200000	1.000000	71.124700
	294.400000	1.000000	74.567271
	294.600000	1.000000	73.350020
	294.800000	1.000000	73.063826
	295.000000	1.000000	74.154073
	295.200000	1.000000	75.163257
	295.400000	1.000000	73.714269
	295.600000	1.000000	75.039376
	295.800000	1.000000	73.050084
	296.000000	1.000000	71.651616
	296.200000	1.000000	73.927883
	296.400000	1.000000	73.881600
	296.600000	1.000000	72.649305
	296.800000	1.000000	73.895164
	297.000000	1.000000	73.826380
	297.200000	1.000000	74.476595
	297.400000	1.000000	71.251444
	297.600000	1.000000	76.792162
	297.800000	1.000000	72.407429
	298.000000	1.000000	73.074417
	298.200000	1.000000	72.560362
	298.400000	1.000000	74.407162
	298.600000	1.000000	72.471653
	298.800000	1.000000	72.484427
	299.000000	1.000000	72.065153
	299.200000	1.000000	73.994656
	299.400000	1.000000	71.928236
	299.600000	1.000000	73.674810
	299.800000	1.000000	72.718753
	300.000000	1.000000	70.487424
	300.200000	1.000000	72.998068
	300.400000	1.000000	73.631209
	300.600000	1.000000	73.444254
	300.800000	1.000000	74.955196
	301.000000	1.000000	71.844165
	301.200000	1.000000	72.165421
	301.400000	1.000000	73.544001
	301.600000	1.000000	73.188826
	301.800000	1.000000	74.755346
	302.000000	1.000000	70.811093
	302.200000	1.000000	74.002576
	302.400000	1.000000	74.001750
	302.600000	1.000000	72.120790
	302.800000	1.000000	72.375506
	303.000000	1.000000	72.691469
	303.200000	1.000000	75.894800
	303.400000	1.000000	76.751656
	303.600000	1.000000	71.672565
	303.800000	1.000000	70.643247
	304.000000	1.000000	72.368800
	304.200000	1.000000	72.631607
	304.400000	1.000000	72.524757
	304.600000	1.000000	72.777654
	304.800000	1.000000	72.539048
	305.000000	1.000000	73.612839
	305.200000	1.000000	75.665677
	305.400000	1.000000	72.428018
	305.600000	1.000000	71.711036
	305.800000	1.000000	72.374935
	306.000000	1.000000	72.178062
	306.200000	1.000000	71.112993
	306.400000	1.000000	73.146747
	306.600000	1.000000	71.853095
	306.800000	1.000000	72.057142
	307.000000	1.000000	70.275277
	307.200000	1.000000	72.995771
	307.400000	1.000000	73.417014
	307.600000	1.000000	73.747088
	307.800000	1.000000	71.288770
	308.000000	1.000000	72.611649
	308.200000	1.000000	71.913687
	308.400000	1.000000	74.408843
	308.600000	1.000000	72.066315
	308.800000	1.000000	71.864284
	309.000000	1.000000	72.979615
	309.200000	1.000000	75.146354
	309.400000	1.000000	72.369362
	309.600000	1.000000	68.331586
	309.800000	1.000000	70.624488
	310.000000	1.000000	72.581840
	310.200000	1.000000	72.212105
	310.400000	1.000000	72.210760
	310.600000	1.000000	74.927682
	310.800000	1.000000	74.175971
	311.000000	1.000000	74.556260
	311.200000	1.000000	72.483376
	311.400000	1.000000	71.486635
	311.600000	1.000000	72.202668
	311.800000	1.000000	71.979740
	312.000000	1.000000	75.725176
	312.200000	1.000000	72.030451
	312.400000	1.000000	74.535365
	312.600000	1.000000	73.453664
	312.800000	1.000000	72.989836
	313.000000	1.000000	74.372327
	313.200000	1.000000	72.969338
	313.400000	1.000000	75.230910
	313.600000	1.000000	69.561941
	313.800000	1.000000	70.080206
	314.000000	1.000000	71.255459
	314.200000	1.000000	73.488608
	314.400000	1.000000	71.433471
	314.600000	1.000000	74.341025
	314.800000	1.000000	72.076290
	315.000000	1.000000	73.282221
	315.200000	1.000000	73.513716
	315.400000	1.000000	73.427033
	315.600000	1.000000	71.926578
	315.800000	1.000000	72.653935
	316.000000	1.000000	73.317961
	316.200000	1.000000	73.368176
	316.400000	1.000000	71.479078
	316.600000	1.000000	71.173465
	316.800000	1.000000	73.881694
	317.000000	1.000000	71.186801
	317.200000	1.000000	73.293142
	317.400000	1.000000	70.565936
	317.600000	1.000000	76.154989
	317.800000	1.000000	74.907152
	318.000000	1.000000	71.750260
	318.200000	1.000000	72.401276
	318.400000	1.000000	71.905833
	318.600000	1.000000	73.511187
	318.800000	1.000000	74.848720
	319.000000	1.000000	70.086676
	319.200000	1.000000	73.480563
	319.400000	1.000000	73.437003
	319.600000	1.000000	72.821082
	319.800000	1.000000	70.520738
	320.000000	1.000000	75.268908
	320.200000	1.000000	71.065016
	320.400000	1.000000	70.993246
	320.600000	1.000000	73.369761
	320.800000	1.000000	71.582993
	321.000000	1.000000	70.329963
	321.200000	1.000000	73.924223
	321.400000	1.000000	73.108717
	321.600000	1.000000	70.909492
	321.800000	1.000000	71.983993
	322.000000	1.000000	72.477307
	322.200000	1.000000	75.914655
	322.400000	1.000000	73.106511
	322.600000	1.000000	73.676724
	322.800000	1.000000	74.525731
	323.000000	1.000000	72.014568
	323.200000	1.000000	74.190046
	323.400000	1.000000	73.031885
	323.600000	1.000000	73.684265
	323.800000	1.000000	73.512350
	324.000000	1.000000	75.373024
	324.200000	1.000000	72.010672
	324.400000	1.000000	75.774318
	324.600000	1.000000	68.505048
	324.800000	1.000000	74.396142
	325.000000	1.000000	70.612587
	325.200000	1.000000	72.560914
	325.400000	1.000000	72.724624
	325.600000	1.000000	76.460636
	325.800000	1.000000	73.804300
	326.000000	1.000000	72.342525
	326.200000	1.000000	71.732870
	326.400000	1.000000	71.178507
	326.600000	1.000000	71.947973
	326.800000	1.000000	72.329665
	327.000000	1.000000	74.167344
	327.200000	1.000000	75.173681
	327.400000	1.000000	75.227987
	327.600000	1.000000	70.175719
	327.800000	1.000000	75.481878
	328.000000	1.000000	72.833341
	328.200000	1.000000	71.355931
	328.400000	1.000000	74.651973
	328.600000	1.000000	72.160821
	328.800000	1.000000	72.790579
	329.000000	1.000000	67.342617
	329.200000	1.000000	73.922408
	329.400000	1.000000	76.661639
	329.600000	1.000000	76.550211
	329.800000	1.000000	72.142877
	330.000000	1.000000	73.114362
	330.200000	1.000000	73.571035
	330.400000	1.000000	70.949748
	330.600000	1.000000	73.563779
	330.800000	1.000000	72.915429
	331.000000	1.000000	74.586634
	331.200000	1.000000	75.597637
	331.400000	1.000000	71.305533
	331.600000	1.000000	70.473831
	331.800000	1.000000	72.305168
	332.000000	1.000000	74.229127
	332.200000	1.000000	73.745191
	332.400000	1.000000	74.814868
	332.600000	1.000000	70.992346
	332.800000	1.000000	72.769890
	333.000000	1.000000	71.243620
	333.200000	1.000000	73.170822
	333.400000	1.000000	75.914878
	333.600000	1.000000	71.060915
	333.800000	1.000000	73.633337
	334.000000	1.000000	74.109827
	334.200000	1.000000	71.592878
	334.400000	1.000000	75.361042
	334.600000	1.000000	74.401710
	334.800000	1.000000	73.248109
	335.000000	1.000000	72.826949
	335.200000	1.000000	71.736267
	335.400000	1.000000	72.964786
	335.600000	1.000000	72.301560
	335.800000	1.000000	72.706477
	336.000000	1.000000	72.300566
	336.200000	1.000000	72.317795
	336.400000	1.000000	73.723584
	336.600000	1.000000	74.916062
	336.800000	1.000000	72.886043
	337.000000	1.000000	72.273806
	337.200000	1.000000	70.813400
	337.400000	1.000000	73.706496
	337.600000	1.000000	72.048709
	337.800000	1.000000	73.614443
	338.000000	1.000000	72.249231
	338.200000	1.000000	73.356711
	338.400000	1.000000	73.062479
	338.600000	1.000000	70.374875
	338.800000	1.000000	72.450699
	339.000000	1.000000	70.950173
	339.200000	1.000000	71.158788
	339.400000	1.000000	70.178945
	339.600000	1.000000	71.631516
	339.800000	1.000000	73.377627
	340.000000	1.000000	72.285600
	340.200000	1.000000	72.845890
	340.400000	1.000000	69.973375
	340.600000	1.000000	71.888101
	340.800000	1.000000	72.987383
	341.000000	1.000000	72.426970
	341.200000	1.000000	72.328351
	341.400000	1.000000	73.584186
	341.600000	1.000000	75.926830
	341.800000	1.000000	73.850093
	342.000000	1.000000	72.382715
	342.200000	1.000000	71.644043
	342.400000	1.000000	72.146277
	342.600000	1.000000	71.925388
	342.800000	1.000000	71.087363
	343.000000	1.000000	71.793716
	343.200000	1.000000	73.047192
	343.400000	1.000000	72.730355
	343.600000	1.000000	72.336866
	343.800000	1.000000	70.843242
	344.000000	1.000000	72.549284
	344.200000	1.000000	72.474724
	344.400000	1.000000	74.402317
	344.600000	1.000000	72.908961
	344.800000	1.000000	71.316425
	345.000000	1.000000	69.269319
	345.200000	1.000000	73.464443
	345.400000	1.000000	77.630736
	345.600000	1.000000	73.227096
	345.800000	1.000000	75.026090
	346.000000	1.000000	72.666296
	346.200000	1.000000	70.884635
	346.400000	1.000000	72.504155
	346.600000	1.000000	75.418004
	346.800000	1.000000	70.291640
	347.000000	1.000000	73.650365
	347.200000	1.000000	71.268056
	347.400000	1.000000	74.082308
	347.600000	1.000000	73.248428
	347.800000	1.000000	74.478893
	348.000000	1.000000	73.355994
	348.200000	1.000000	76.258607
	348.400000	1.000000	73.902136
	348.600000	1.000000	73.164241
	348.800000	1.000000	73.159230
	349.000000	1.000000	73.579219
	349.200000	1.000000	72.474113
	349.400000	1.000000	70.583961
	349.600000	1.000000	71.767253
	349.800000	1.000000	71.663918
	350.000000	1.000000	75.335610
	350.200000	1.000000	73.950387
	350.400000	1.000000	74.662779
	350.600000	1.000000	70.062733
	350.800000	1.000000	73.850548
	351.000000	1.000000	74.386112
	351.200000	1.000000	76.034535
	351.400000	1.000000	72.906382
	351.600000	1.000000	75.506276
	351.800000	1.000000	75.262040
	352.000000	1.000000	71.850622
	352.200000	1.000000	73.340434
	352.400000	1.000000	72.325206
	352.600000	1.000000	74.664343
	352.800000	1.000000	73.284219
	353.000000	1.000000	74.170358
	353.200000	1.000000	73.133891
	353.400000	1.000000	72.219052
	353.600000	1.000000	75.007134
	353.800000	1.000000	72.765521
	354.000000	1.000000	72.635469
	354.200000	1.000000	73.394012
	354.400000	1.000000	76.627889
	354.600000	1.000000	73.170021
	354.800000	1.000000	73.653291
	355.000000	1.000000	75.112307
	355.200000	1.000000	73.048304
	355.400000	1.000000	73.678931
	355.600000	1.000000	73.303926
	355.800000	1.000000	76.386856
	356.000000	1.000000	71.578649
	356.200000	1.000000	72.761913
	356.400000	1.000000	71.219527
	356.600000	1.000000	72.040781
	356.800000	1.000000	72.138765
	357.000000	1.000000	74.988193
	357.200000	1.000000	72.193009
	357.400000	1.000000	73.688508
	357.600000	1.000000	73.333721
	357.800000	1.000000	70.845517
	358.000000	1.000000	74.440898
	358.200000	1.000000	71.242488
	358.400000	1.000000	74.794696
	358.600000	1.000000	72.073489
	358.800000	1.000000	71.515323
	359.000000	1.000000	74.597515
	359.200000	1.000000	73.351746
	359.400000	1.000000	73.801218
	359.600000	1.000000	75.180534
	359.800000	1.000000	72.353926
	360.000000	1.000000	73.927703
	360.200000	1.000000	72.972789
	360.400000	1.000000	72.509882
	360.600000	1.000000	71.346342
	360.800000	1.000000	74.226953
	361.000000	1.000000	73.260196
	361.200000	1.000000	72.426489
	361.400000	1.000000	74.591167
	361.600000	1.000000	75.704166
	361.800000	1.000000	71.637271
	362.000000	1.000000	72.334064
	362.200000	1.000000	73.222304
	362.400000	1.000000	73.065778
	362.600000	1.000000	68.337709
	362.800000	1.000000	71.560488
	363.000000	1.000000	73.446470
	363.200000	1.000000	72.393117
	363.400000	1.000000	73.036896
	363.600000	1.000000	72.768245
	363.800000	1.000000	74.431421
	364.000000	1.000000	71.571463
	364.200000	1.000000	75.028068
	364.400000	1.000000	75.264587
	364.600000	1.000000	74.869505
	364.800000	1.000000	74.385624
	365.000000	1.000000	74.059088
	365.200000	1.000000	72.666022
	365.400000	1.000000	74.215602
	365.600000	1.000000	76.340794
	365.800000	1.000000	70.799646
	366.000000	1.000000	72.365267
	366.200000	1.000000	71.006150
	366.400000	1.000000	70.571125
	366.600000	1.000000	71.699637
	366.800000	1.000000	72.105482
	367.000000	1.000000	71.643558
	367.200000	1.000000	73.509085
	367.400000	1.000000	70.276388
	367.600000	1.000000	73.283584
	367.800000	1.000000	73.137626
	368.000000	1.000000	72.244912
	368.200000	1.000000	71.045885
	368.400000	1.000000	71.416833
	368.600000	1.000000	73.730747
	368.800000	1.000000	72.472803
	369.000000	1.000000	74.477024
	369.200000	1.000000	71.766509
	369.400000	1.000000	72.957712
	369.600000	1.000000	72.533606
	369.800000	1.000000	70.523741
	370.000000	1.000000	74.801446
	370.200000	1.000000	70.915562
	370.400000	1.000000	72.771176
	370.600000	1.000000	73.685330
	370.800000	1.000000	73.823086
	371.000000	1.000000	73.812084
	371.200000	1.000000	74.608566
	371.400000	1.000000	72.613147
	371.600000	1.000000	73.467302
	371.800000	1.000000	70.080597
	372.000000	1.000000	74.425550
	372.200000	1.000000	73.289628
	372.400000	1.000000	73.783453
	372.600000	1.000000	72.621506
	372.800000	1.000000	75.542178
	373.000000	1.000000	78.240233
	373.200000	1.000000	72.811012
	373.400000	1.000000	75.021262
	373.600000	1.000000	73.026098
	373.800000	1.000000	74.446629
	374.000000	1.000000	76.141046
	374.200000	1.000000	71.684768
	374.400000	1.000000	72.940476
	374.600000	1.000000	71.978699
	374.800000	1.000000	74.083635
	375.000000	1.000000	72.237973
	375.200000	1.000000	70.659250
	375.400000	1.000000	75.042821
	375.600000	1.000000	72.998781
	375.800000	1.000000	74.447054
	376.000000	1.000000	73.278217
	376.200000	1.000000	74.257520
	376.400000	1.000000	70.942316
	376.600000	1.000000	74.185637
	376.800000	1.000000	74.799283
	377.000000	1.000000	71.861906
	377.200000	1.000000	73.489444
	377.400000	1.000000	73.245387
	377.600000	1.000000	76.388764
	377.800000	1.000000	75.050033
	378.000000	1.000000	72.944854
	378.200000	1.000000	73.761129
	378.400000	1.000000	72.941292
	378.600000	1.000000	73.859609
	378.800000	1.000000	73.986588
	379.000000	1.000000	74.894769
	379.200000	1.000000	74.003834
	379.400000	1.000000	74.615549
	379.600000	1.000000	74.254358
	379.800000	1.000000	73.232176
	380.000000	1.000000	74.570987
	380.200000	1.000000	69.693642
	380.400000	1.000000	72.980216
	380.600000	1.000000	75.959653
	380.800000	1.000000	74.075169
	381.000000	1.000000	69.844108
	381.200000	1.000000	74.157296
	381.400000	1.000000	73.672312
	381.600000	1.000000	74.815765
	381.800000	1.000000	70.028425
	382.000000	1.000000	72.136151
	382.200000	1.000000	74.170982
	382.400000	1.000000	71.824117
	382.600000	1.000000	71.458726
	382.800000	1.000000	74.637660
	383.000000	1.000000	73.086806
	383.200000	1.000000	73.887297
	383.400000	1.000000	74.091393
	383.600000	1.000000	73.054892
	383.800000	1.000000	73.380930
	384.000000	1.000000	73.331939
	384.200000	1.000000	72.809280
	384.400000	1.000000	72.120254
	384.600000	1.000000	74.067732
	384.800000	1.000000	74.680048
	385.000000	1.000000	73.542569
	385.200000	1.000000	76.981064
	385.400000	1.000000	72.648753
	385.600000	1.000000	72.450879
	385.800000	1.000000	72.673307
	386.000000	1.000000	69.876685
	386.200000	1.000000	74.963449
	386.400000	1.000000	69.069565
	386.600000	1.000000	72.823233
	386.800000	1.000000	71.612249
	387.000000	1.000000	73.649778
	387.200000	1.000000	70.971715
	387.400000	1.000000	72.607967
	387.600000	1.000000	71.017553
	387.800000	1.000000	71.996311
	388.000000	1.000000	73.382304
	388.200000	1.000000	73.637466
	388.400000	1.000000	72.439525
	388.600000	1.000000	74.209335
	388.800000	1.000000	77.550677
	389.000000	1.000000	71.953140
	389.200000	1.000000	75.546357
	389.400000	1.000000	72.265075
	389.600000	1.000000	71.239139
	389.800000	1.000000	71.122127
	390.000000	1.000000	74.868776
	390.200000	1.000000	71.345092
	390.400000	1.000000	72.721766
	390.600000	1.000000	72.697933
	390.800000	1.000000	74.398690
	391.000000	1.000000	73.394567
	391.200000	1.000000	70.816124
	391.400000	1.000000	71.960723
	391.600000	1.000000	75.120148
	391.800000	1.000000	77.009459
	392.000000	1.000000	69.177486
	392.200000	1.000000	74.088748
	392.400000	1.000000	74.076613
	392.600000	1.000000	74.486094
	392.800000	1.000000	71.273190
	393.000000	1.000000	71.652607
	393.200000	1.000000	68.537998
	393.400000	1.000000	75.597245
	393.600000	1.000000	72.937698
	393.800000	1.000000	76.639409
	394.000000	1.000000	71.130266
	394.200000	1.000000	71.666368
	394.400000	1.000000	73.666054
	394.600000	1.000000	73.855671
	394.800000	1.000000	73.272650
	395.000000	1.000000	69.738109
	395.200000	1.000000	71.632722
	395.400000	1.000000	76.070172
	395.600000	1.000000	71.826701
	395.800000	1.000000	74.424563
	396.000000	1.000000	74.676878
	396.200000	1.000000	71.300183
	396.400000	1.000000	73.105371
	396.600000	1.000000	72.936834
	396.800000	1.000000	73.565755
	397.000000	1.000000	70.881254
	397.200000	1.000000	71.436597
	397.400000	1.000000	73.362626
	397.600000	1.000000	75.598926
	397.800000	1.000000	74.438679
	398.000000	1.000000	74.140500
	398.200000	1.000000	71.661896
	398.400000	1.000000	73.109519
	398.600000	1.000000	69.717177
	398.800000	1.000000	71.739013
	399.000000	1.000000	71.759652
	399.200000	1.000000	71.023492
	399.400000	1.000000	69.888296
	399.600000	1.000000	71.507421
	399.800000	1.000000	72.996462
	400.000000	1.000000	69.942075
	400.200000	1.000000	76.138894
	400.400000	1.000000	76.928889
	400.600000	1.000000	71.911700
	400.800000	1.000000	73.002177
	401.000000	1.000000	72.535534
	401.200000	1.000000	76.513841
	401.400000	1.000000	75.086214
	401.600000	1.000000	72.976137
	401.800000	1.000000	73.718895
	402.000000	1.000000	74.474281
	402.200000	1.000000	76.794633
	402.400000	1.000000	76.663425
	402.600000	1.000000	70.840479
	402.800000	1.000000	72.654032
	403.000000	1.000000	75.128599
	403.200000	1.000000	73.352759
	403.400000	1.000000	74.400492
	403.600000	1.000000	73.082405
	403.800000	1.000000	73.765560
	404.000000	1.000000	74.134330
	404.200000	1.000000	74.136824
	404.400000	1.000000	73.932713
	404.600000	1.000000	76.500205
	404.800000	1.000000	72.439812
	405.000000	1.000000	73.529310
	405.200000	1.000000	73.924702
	405.400000	1.000000	73.059284
	405.600000	1.000000	72.625774
	405.800000	1.000000	71.634691
	406.000000	1.000000	74.046855
	406.200000	1.000000	70.103150
	406.400000	1.000000	70.951553
	406.600000	1.000000	74.061422
	406.800000	1.000000	74.452611
	407.000000	1.000000	74.046404
	407.200000	1.000000	74.440157
	407.400000	1.000000	75.417962
	407.600000	1.000000	72.647085
	407.800000	1.000000	73.221426
	408.000000	1.000000	73.923040
	408.200000	1.000000	72.626702
	408.400000	1.000000	74.333993
	408.600000	1.000000	74.049026
	408.800000	1.000000	70.913323
	409.000000	1.000000	70.410096
	409.200000	1.000000	75.763441
	409.400000	1.000000	71.648689
	409.600000	1.000000	71.883624
	409.800000	1.000000	70.412362
	410.000000	1.000000	71.669438
	410.200000	1.000000	72.368098
	410.400000	1.000000	74.316852
	410.600000	1.000000	72.271692
	410.800000	1.000000	72.796455
	411.000000	1.000000	75.264266
	411.200000	1.000000	72.363733
	411.400000	1.000000	74.261876
	411.600000	1.000000	70.786139
	411.800000	1.000000	71.661350
	412.000000	1.000000	72.119860
	412.200000	1.000000	77.263187
	412.400000	1.000000	75.293008
	412.600000	1.000000	74.780459
	412.800000	1.000000	72.915656
	413.000000	1.000000	73.409979
	413.200000	1.000000	76.339548
	413.400000	1.000000	75.235246
	413.600000	1.000000	71.185852
	413.800000	1.000000	71.090721
	414.000000	1.000000	71.270186
	414.200000	1.000000	72.457107
	414.400000	1.000000	73.630262
	414.600000	1.000000	73.051334
	414.800000	1.000000	71.191976
	415.000000	1.000000	72.446421
	415.200000	1.000000	71.058277
	415.400000	1.000000	73.946181
	415.600000	1.000000	74.736658
	415.800000	1.000000	69.022095
	416.000000	1.000000	73.635084
	416.200000	1.000000	71.319526
	416.400000	1.000000	76.688178
	416.600000	1.000000	73.755231
	416.800000	1.000000	74.236225
	417.000000	1.000000	74.046327
	417.200000	1.000000	71.297482
	417.400000	1.000000	74.300328
	417.600000	1.000000	74.112887
	417.800000	1.000000	70.026936
	418.000000	1.000000	72.573456
	418.200000	1.000000	71.827450
	418.400000	1.000000	70.026133
	418.600000	1.000000	72.341180
	418.800000	1.000000	75.013247
	419.000000	1.000000	71.269222
	419.200000	1.000000	72.255759
	419.400000	1.000000	72.265567
	419.600000	1.000000	74.700933
	419.800000	1.000000	73.154058
	420.000000	1.000000	73.373472
	420.200000	1.000000	77.016343
	420.400000	1.000000	73.711151
	420.600000	1.000000	71.059942
	420.800000	1.000000	76.346672
	421.000000	1.000000	73.424387
	421.200000	1.000000	72.373767
	421.400000	1.000000	73.781182
	421.600000	1.000000	72.026834
	421.800000	1.000000	73.919149
	422.000000	1.000000	74.024020
	422.200000	1.000000	71.645537
	422.400000	1.000000	74.438032
	422.600000	1.000000	74.560582
	422.800000	1.000000	73.323740
	423.000000	1.000000	75.355565
	423.200000	1.000000	73.948927
	423.400000	1.000000	72.664180
	423.600000	1.000000	72.961687
	423.800000	1.000000	71.032857
	424.000000	1.000000	69.552899
	424.200000	1.000000	71.423894
	424.400000	1.000000	72.513750
	424.600000	1.000000	71.853168
	424.800000	1.000000	72.620423
	425.000000	1.000000	74.419131
	425.200000	1.000000	73.493413
	425.400000	1.000000	74.768555
	425.600000	1.000000	74.038796
	425.800000	1.000000	71.008359
	426.000000	1.000000	72.159316
	426.200000	1.000000	71.095904
	426.400000	1.000000	71.562200
	426.600000	1.000000	72.509345
	426.800000	1.000000	73.207253
	427.000000	1.000000	68.861389
	427.200000	1.000000	73.036250
	427.400000	1.000000	71.670935
	427.600000	1.000000	74.867574
	427.800000	1.000000	70.186467
	428.000000	1.000000	74.945545
	428.200000	1.000000	71.083210
	428.400000	1.000000	70.816819
	428.600000	1.000000	75.253545
	428.800000	1.000000	72.702705
	429.000000	1.000000	72.202964
	429.200000	1.000000	73.195113
	429.400000	1.000000	72.048915
	429.600000	1.000000	74.130982
	429.800000	1.000000	72.144645
	430.000000	1.000000	72.902778
	430.200000	1.000000	74.061564
	430.400000	1.000000	74.501055
	430.600000	1.000000	74.528926
	430.800000	1.000000	72.552092
	431.000000	1.000000	74.045051
	431.200000	1.000000	72.995626
	431.400000	1.000000	71.716735
	431.600000	1.000000	75.179641
	431.800000	1.000000	71.508093
	432.000000	1.000000	74.120040
	432.200000	1.000000	72.144907
	432.400000	1.000000	73.006998
	432.600000	1.000000	72.645504
	432.800000	1.000000	73.124519
	433.000000	1.000000	73.210248
	433.200000	1.000000	74.963667
	433.400000	1.000000	73.890482
	433.600000	1.000000	73.399338
	433.800000	1.000000	71.352332
	434.000000	1.000000	72.242267
	434.200000	1.000000	72.463349
	434.400000	1.000000	74.668954
	434.600000	1.000000	70.026400
	434.800000	1.000000	70.950611
	435.000000	1.000000	74.604139
	435.200000	1.000000	72.737865
	435.400000	1.000000	73.713226
	435.600000	1.000000	71.142192
	435.800000	1.000000	72.676254
	436.000000	1.000000	70.903499
	436.200000	1.000000	73.171331
	436.400000	1.000000	72.672057
	436.600000	1.000000	73.841866
	436.800000	1.000000	74.154741
	437.000000	1.000000	73.486181
	437.200000	1.000000	72.738637
	437.400000	1.000000	73.753275
	437.600000	1.000000	74.436436
	437.800000	1.000000	74.748430
	438.000000	1.000000	74.916579
	438.200000	1.000000	71.497442
	438.400000	1.000000	71.796061
	438.600000	1.000000	72.077511
	438.800000	1.000000	70.610117
	439.000000	1.000000	73.877628
	439.200000	1.000000	71.689468
	439.400000	1.000000	74.017264
	439.600000	1.000000	72.605114
	439.800000	1.000000	72.157733
	440.000000	1.000000	72.457398
	440.200000	1.000000	72.865331
	440.400000	1.000000	72.424340
	440.600000	1.000000	74.803023
	440.800000	1.000000	71.928776
	441.000000	1.000000	74.658922
	441.200000	1.000000	71.543544
	441.400000	1.000000	70.853941
	441.600000	1.000000	71.681465
	441.800000	1.000000	71.885133
	442.000000	1.000000	74.947946
	442.200000	1.000000	71.425370
	442.400000	1.000000	71.665239
	442.600000	1.000000	71.467057
	442.800000	1.000000	72.186556
	443.000000	1.000000	73.493637
	443.200000	1.000000	72.304098
	443.400000	1.000000	73.044697
	443.600000	1.000000	73.341094
	443.800000	1.000000	75.893425
	444.000000	1.000000	75.283159
	444.200000	1.000000	73.613331
	444.400000	1.000000	73.842180
	444.600000	1.000000	73.676010
	444.800000	1.000000	71.088688
	445.000000	1.000000	69.789956
	445.200000	1.000000	71.844768
	445.400000	1.000000	72.489827
	445.600000	1.000000	72.726584
	445.800000	1.000000	74.044868
	446.000000	1.000000	71.301649
	446.200000	1.000000	73.865984
	446.400000	1.000000	77.140790
	446.600000	1.000000	72.353832
	446.800000	1.000000	71.139425
	447.000000	1.000000	70.623792
	447.200000	1.000000	73.202701
	447.400000	1.000000	73.983042
	447.600000	1.000000	74.909057
	447.800000	1.000000	72.550136
	448.000000	1.000000	72.321053
	448.200000	1.000000	69.155403
	448.400000	1.000000	70.840114
	448.600000	1.000000	72.842687
	448.800000	1.000000	73.886117
	449.000000	1.000000	75.300271
	449.200000	1.000000	72.354359
	449.400000	1.000000	75.282929
	449.600000	1.000000	76.521335
	449.800000	1.000000	73.384059
	450.000000	1.000000	76.057526
	450.200000	1.000000	75.565037
	450.400000	1.000000	71.215640
	450.600000	1.000000	74.413223
	450.800000	1.000000	74.615399
	451.000000	1.000000	73.341694
	451.200000	1.000000	77.956667
	451.400000	1.000000	72.954464
	451.600000	1.000000	69.893121
	451.800000	1.000000	76.922458
	452.000000	1.000000	70.989813
	452.200000	1.000000	75.088018
	452.400000	1.000000	75.777376
	452.600000	1.000000	75.156252
	452.800000	1.000000	74.124241
	453.000000	1.000000	72.637295
	453.200000	1.000000	74.342428
	453.400000	1.000000	75.586708
	453.600000	1.000000	73.202945
	453.800000	1.000000	73.501888
	454.000000	1.000000	72.221668
	454.200000	1.000000	71.383332
	454.400000	1.000000	73.273988
	454.600000	1.000000	72.633953
	454.800000	1.000000	71.241809
	455.000000	1.000000	74.046266
	455.200000	1.000000	73.684743
	455.400000	1.000000	72.615835
	455.600000	1.000000	70.392048
	455.800000	1.000000	71.514034
	456.000000	1.000000	74.369634
	456.200000	1.000000	74.057288
	456.400000	1.000000	73.315889
	456.600000	1.000000	71.523651
	456.800000	1.000000	74.462443
	457.000000	1.000000	72.704316
	457.200000	1.000000	74.270199
	457.400000	1.000000	72.707742
	457.600000	1.000000	71.886161
	457.800000	1.000000	75.874124
	458.000000	1.000000	69.399666
	458.200000	1.000000	71.000671
	458.400000	1.000000	75.405718
	458.600000	1.000000	71.715908
	458.800000	1.000000	71.826899
	459.000000	1.000000	72.603576
	459.200000	1.000000	72.921194
	459.400000	1.000000	75.602128
	459.600000	1.000000	76.102800
	459.800000	1.000000	70.068441
	460.000000	1.000000	74.035670
	460.200000	1.000000	73.534419
	460.400000	1.000000	70.666081
	460.600000	1.000000	76.925277
	460.800000	1.000000	75.017192
	461.000000	1.000000	70.099505
	461.200000	1.000000	71.853277
	461.400000	1.000000	74.029955
	461.600000	1.000000	73.450238
	461.800000	1.000000	75.284386
	462.000000	1.000000	73.403261
	462.200000	1.000000	75.439410
	462.400000	1.000000	71.578655
	462.600000	1.000000	72.511948
	462.800000	1.000000	74.971370
	463.000000	1.000000	72.335097
	463.200000	1.000000	75.931649
	463.400000	1.000000	75.643901
	463.600000	1.000000	73.315002
	463.800000	1.000000	72.833404
	464.000000	1.000000	73.166521
	464.200000	1.000000	73.449916
	464.400000	1.000000	73.501436
	464.600000	1.000000	71.740181
	464.800000	1.000000	74.803251
	465.000000	1.000000	72.016222
	465.200000	1.000000	71.485777
	465.400000	1.000000	70.986037
	465.600000	1.000000	72.746217
	465.800000	1.000000	72.935242
	466.000000	1.000000	69.287785
	466.200000	1.000000	74.331103
	466.400000	1.000000	73.823246
	466.600000	1.000000	73.295615
	466.800000	1.000000	72.146491
	467.000000	1.000000	71.789123
	467.200000	1.000000	73.154593
	467.400000	1.000000	72.942827
	467.600000	1.000000	73.440653
	467.800000	1.000000	77.926802
	468.000000	1.000000	73.117394
	468.200000	1.000000	74.628044
	468.400000	1.000000	75.736048
	468.600000	1.000000	73.078602
	468.800000	1.000000	75.669715
	469.000000	1.000000	73.133531
	469.200000	1.000000	70.226665
	469.400000	1.000000	71.048222
	469.600000	1.000000	75.397646
	469.800000	1.000000	72.427883
	470.000000	1.000000	75.652586
	470.200000	1.000000	71.706380
	470.400000	1.000000	69.834485
	470.600000	1.000000	73.590201
	470.800000	1.000000	77.545019
	471.000000	1.000000	72.864176
	471.200000	1.000000	75.821379
	471.400000	1.000000	69.845152
	471.600000	1.000000	70.999170
	471.800000	1.000000	72.985445
	472.000000	1.000000	70.303060
	472.200000	1.000000	72.599248
	472.400000	1.000000	68.975053
	472.600000	1.000000	72.179573
	472.800000	1.000000	71.308857
	473.000000	1.000000	70.989958
	473.200000	1.000000	73.530668
	473.400000	1.000000	71.878000
	473.600000	1.000000	74.755706
	473.800000	1.000000	69.377613
	474.000000	1.000000	72.346419
	474.200000	1.000000	70.549979
	474.400000	1.000000	73.444792
	474.600000	1.000000	73.521566
	474.800000	1.000000	75.429039
	475.000000	1.000000	72.367461
	475.200000	1.000000	71.989601
	475.400000	1.000000	70.555725
	475.600000	1.000000	72.682705
	475.800000	1.000000	71.694842
	476.000000	1.000000	73.347679
	476.200000	1.000000	72.555860
	476.400000	1.000000	70.730207
	476.600000	1.000000	72.436250
	476.800000	1.000000	72.381129
	477.000000	1.000000	71.985096
	477.200000	1.000000	72.045498
	477.400000	1.000000	72.833294
	477.600000	1.000000	72.888435
	477.800000	1.000000	71.647856
	478.000000	1.000000	70.621332
	478.200000	1.000000	76.337277
	478.400000	1.000000	74.224180
	478.600000	1.000000	71.201948
	478.800000	1.000000	72.077330
	479.000000	1.000000	73.600165
	479.200000	1.000000	71.038656
	479.400000	1.000000	73.496873
	479.600000	1.000000	72.236998
	479.800000	1.000000	72.735701
	480.000000	1.000000	73.085784
	480.200000	1.000000	73.851261
	480.400000	1.000000	71.072416
	480.600000	1.000000	71.405365
	480.800000	1.000000	70.805262
	481.000000	1.000000	73.757903
	481.200000	1.000000	73.433783
	481.400000	1.000000	70.760849
	481.600000	1.000000	69.842947
	481.800000	1.000000	74.436482
	482.000000	1.000000	71.230627
	482.200000	1.000000	75.121236
	482.400000	1.000000	74.669375
	482.600000	1.000000	75.192122
	482.800000	1.000000	73.572866
	483.000000	1.000000	76.006013
	483.200000	1.000000	76.419207
	483.400000	1.000000	72.145615
	483.600000	1.000000	71.040123
	483.800000	1.000000	71.992888
	484.000000	1.000000	74.626952
	484.200000	1.000000	74.759344
	484.400000	1.000000	76.789548
	484.600000	1.000000	73.717384
	484.800000	1.000000	73.588289
	485.000000	1.000000	73.896806
	485.200000	1.000000	72.862931
	485.400000	1.000000	74.341472
	485.600000	1.000000	71.424139
	485.800000	1.000000	73.812953
	486.000000	1.000000	71.512753
	486.200000	1.000000	74.264428
	486.400000	1.000000	73.436243
	486.600000	1.000000	74.860546
	486.800000	1.000000	75.016459
	487.000000	1.000000	76.015285
	487.200000	1.000000	71.865716
	487.400000	1.000000	73.572525
	487.600000	1.000000	75.690387
	487.800000	1.000000	72.086021
	488.000000	1.000000	72.306350
	488.200000	1.000000	71.950296
	488.400000	1.000000	74.885790
	488.600000	1.000000	72.127789
	488.800000	1.000000	72.167133
	489.000000	1.000000	72.066139
	489.200000	1.000000	71.309764
	489.400000	1.000000	70.420359
	489.600000	1.000000	75.573153
	489.800000	1.000000	71.290038
	490.000000	1.000000	68.048286
	490.200000	1.000000	72.144034
	490.400000	1.000000	74.882539
	490.600000	1.000000	72.595025
	490.800000	1.000000	72.453373
	491.000000	1.000000	69.015666
	491.200000	1.000000	71.646259
	491.400000	1.000000	73.364194
	491.600000	1.000000	72.719369
	491.800000	1.000000	73.731310
	492.000000	1.000000	75.988151
	492.200000	1.000000	75.779579
	492.400000	1.000000	71.072377
	492.600000	1.000000	74.386067
	492.800000	1.000000	71.091612
	493.000000	1.000000	71.305027
	493.200000	1.000000	72.349900
	493.400000	1.000000	72.921476
	493.600000	1.000000	72.658944
	493.800000	1.000000	73.686070
	494.000000	1.000000	75.041669
	494.200000	1.000000	71.323716
	494.400000	1.000000	73.512841
	494.600000	1.000000	73.072032
	494.800000	1.000000	75.509597
	495.000000	1.000000	70.889729
	495.200000	1.000000	69.279700
	495.400000	1.000000	72.799197
	495.600000	1.000000	73.088575
	495.800000	1.000000	70.533252
	496.000000	1.000000	74.662542
	496.200000	1.000000	71.676101
	496.400000	1.000000	70.338432
	496.600000	1.000000	72.313680
	496.800000	1.000000	72.976709
	497.000000	1.000000	72.093483
	497.200000	1.000000	70.478275
	497.400000	1.000000	72.087558
	497.600000	1.000000	73.429856
	497.800000	1.000000	74.611264
	498.000000	1.000000	69.881850
	498.200000	1.000000	71.388494
	498.400000	1.000000	70.731599
	498.600000	1.000000	71.777805
	498.800000	1.000000	73.887119
	499.000000	1.000000	73.167769
	499.200000	1.000000	72.229971
	499.400000	1.000000	76.073500
	499.600000	1.000000	71.782917
	499.800000	1.000000	72.386396
	500.000000	1.000000	74.112239
	500.200000	1.000000	74.334937
	500.400000	1.000000	76.475893
	500.600000	1.000000	72.587388
	500.800000	1.000000	74.155147
	501.000000	1.000000	68.347253
	501.200000	1.000000	71.198755
	501.400000	1.000000	71.281973
	501.600000	1.000000	72.249129
	501.800000	1.000000	72.371553
	502.000000	1.000000	70.505925
	502.200000	1.000000	69.692973
	502.400000	1.000000	74.315534
	502.600000	1.000000	71.751138
	502.800000	1.000000	73.278218
	503.000000	1.000000	73.402272
	503.200000	1.000000	73.149421
	503.400000	1.000000	73.254723
	503.600000	1.000000	75.040526
	503.800000	1.000000	73.231741
	504.000000	1.000000	73.422756
	504.200000	1.000000	73.111719
	504.400000	1.000000	71.149843
	504.600000	1.000000	73.222002
	504.800000	1.000000	75.913738
	505.000000	1.000000	70.050586
	505.200000	1.000000	71.769491
	505.400000	1.000000	72.873836
	505.600000	1.000000	71.946148
	505.800000	1.000000	69.986313
	506.000000	1.000000	74.269376
	506.200000	1.000000	70.962532
	506.400000	1.000000	73.934623
	506.600000	1.000000	73.858489
	506.800000	1.000000	72.032134
	507.000000	1.000000	72.246763
	507.200000	1.000000	74.546339
	507.400000	1.000000	72.404327
	507.600000	1.000000	70.774687
	507.800000	1.000000	72.083524
	508.000000	1.000000	72.986194
	508.200000	1.000000	77.441799
	508.400000	1.000000	74.084584
	508.600000	1.000000	74.746579
	508.800000	1.000000	71.811377
	509.000000	1.000000	70.976798
	509.200000	1.000000	72.201510
	509.400000	1.000000	72.586736
	509.600000	1.000000	70.879090
	509.800000	1.000000	71.273423
	510.000000	1.000000	72.363042
	510.200000	1.000000	72.434128
	510.400000	1.000000	72.774019
	510.600000	1.000000	75.856795
	510.800000	1.000000	73.551928
	511.000000	1.000000	74.765640
	511.200000	1.000000	72.827809
	511.400000	1.000000	71.853561
	511.600000	1.000000	73.524109
	511.800000	1.000000	72.473548
	512.000000	1.000000	72.734470
	512.200000	1.000000	72.784443
	512.400000	1.000000	75.422744
	512.600000	1.000000	68.644708
	512.800000	1.000000	73.786472
	513.000000	1.000000	74.269785
	513.200000	1.000000	75.010272
	513.400000	1.000000	74.286751
	513.600000	1.000000	73.713187
	513.800000	1.000000	70.512527
	514.000000	1.000000	70.423771
	514.200000	1.000000	72.028402
	514.400000	1.000000	73.816406
	514.600000	1.000000	73.204197
	514.800000	1.000000	71.543934
	515.000000	1.000000	72.994078
	515.200000	1.000000	74.358582
	515.400000	1.000000	71.471273
	515.600000	1.000000	74.292560
	515.800000	1.000000	75.448464
	516.000000	1.000000	73.725450
	516.200000	1.000000	72.848442
	516.400000	1.000000	71.266479
	516.600000	1.000000	72.836579
	516.800000	1.000000	70.782365
	517.000000	1.000000	70.939480
	517.200000	1.000000	73.696045
	517.400000	1.000000	73.773356
	517.600000	1.000000	69.691889
	517.800000	1.000000	69.675489
	518.000000	1.000000	73.304620
	518.200000	1.000000	71.216359
	518.400000	1.000000	71.814891
	518.600000	1.000000	76.376805
	518.800000	1.000000	72.386223
	519.000000	1.000000	71.008025
	519.200000	1.000000	73.673367
	519.400000	1.000000	71.040965
	519.600000	1.000000	71.789675
	519.800000	1.000000	73.934426
	520.000000	1.000000	75.218487
	520.200000	1.000000	71.352934
	520.400000	1.000000	77.527384
	520.600000	1.000000	74.058428
	520.800000	1.000000	72.716928
	521.000000	1.000000	72.274851
	521.200000	1.000000	75.565849
	521.400000	1.000000	71.783590
	521.600000	1.000000	72.710934
	521.800000	1.000000	75.785789
	522.000000	1.000000	73.212801
	522.200000	1.000000	74.293265
	522.400000	1.000000	75.107962
	522.600000	1.000000	72.165620
	522.800000	1.000000	73.870741
	523.000000	1.000000	73.218190
	523.200000	1.000000	71.858391
	523.400000	1.000000	72.002280
	523.600000	1.000000	73.658033
	523.800000	1.000000	77.158776
	524.000000	1.000000	74.930081
	524.200000	1.000000	72.144808
	524.400000	1.000000	70.327995
	524.600000	1.000000	72.630132
	524.800000	1.000000	71.456329
	525.000000	1.000000	73.232376
	525.200000	1.000000	71.717108
	525.400000	1.000000	76.834919
	525.600000	1.000000	73.343937
	525.800000	1.000000	72.059346
	526.000000	1.000000	72.576522
	526.200000	1.000000	73.505601
	526.400000	1.000000	74.072486
	526.600000	1.000000	72.101362
	526.800000	1.000000	70.529421
	527.000000	1.000000	72.111132
	527.200000	1.000000	75.697591
	527.400000	1.000000	73.242957
	527.600000	1.000000	71.694601
	527.800000	1.000000	74.689768
	528.000000	1.000000	73.322127
	528.200000	1.000000	74.755361
	528.400000	1.000000	74.031717
	528.600000	1.000000	71.369613
	528.800000	1.000000	72.520743
	529.000000	1.000000	72.496506
	529.200000	1.000000	73.899798
	529.400000	1.000000	73.894755
	529.600000	1.000000	71.422049
	529.800000	1.000000	75.156274
	530.000000	1.000000	70.236924
	530.200000	1.000000	76.707156
	530.400000	1.000000	74.707671
	530.600000	1.000000	72.857834
	530.800000	1.000000	72.405479
	531.000000	1.000000	71.864456
	531.200000	1.000000	74.092614
	531.400000	1.000000	73.117613
	531.600000	1.000000	73.454291
	531.800000	1.000000	71.761262
	532.000000	1.000000	71.102994
	532.200000	1.000000	77.568037
	532.400000	1.000000	73.189233
	532.600000	1.000000	73.268954
	532.800000	1.000000	75.124001
	533.000000	1.000000	69.518883
	533.200000	1.000000	75.239181
	533.400000	1.000000	71.438474
	533.600000	1.000000	71.306222
	533.800000	1.000000	75.451611
	534.000000	1.000000	71.930451
	534.200000	1.000000	71.925103
	534.400000	1.000000	70.569294
	534.600000	1.000000	75.292478
	534.800000	1.000000	75.582429
	535.000000	1.000000	75.436363
	535.200000	1.000000	72.786464
	535.400000	1.000000	71.899630
	535.600000	1.000000	72.584129
	535.800000	1.000000	69.863825
	536.000000	1.000000	73.184658
	536.200000	1.000000	71.604554
	536.400000	1.000000	72.783825
	536.600000	1.000000	72.664980
	536.800000	1.000000	72.215814
	537.000000	1.000000	74.526055
	537.200000	1.000000	72.381939
	537.400000	1.000000	72.254178
	537.600000	1.000000	74.824256
	537.800000	1.000000	73.749706
	538.000000	1.000000	72.223730
	538.200000	1.000000	74.419293
	538.400000	1.000000	71.105023
	538.600000	1.000000	74.282897
	538.800000	1.000000	71.506901
	539.000000	1.000000	70.846930
	539.200000	1.000000	75.124870
	539.400000	1.000000	71.804705
	539.600000	1.000000	73.479777
	539.800000	1.000000	71.114880
	540.000000	1.000000	70.535027
	540.200000	1.000000	71.652913
	540.400000	1.000000	73.792536
	540.600000	1.000000	75.067631
	540.800000	1.000000	72.341758
	541.000000	1.000000	70.753709
	541.200000	1.000000	71.939622
	541.400000	1.000000	71.167604
	541.600000	1.000000	72.350054
	541.800000	1.000000	72.343480
	542.000000	1.000000	73.012915
	542.200000	1.000000	73.478253
	542.400000	1.000000	72.110573
	542.600000	1.000000	74.312627
	542.800000	1.000000	74.136401
	543.000000	1.000000	73.315082
	543.200000	1.000000	72.572069
	543.400000	1.000000	76.285907
	543.600000	1.000000	74.134089
	543.800000	1.000000	74.401864
	544.000000	1.000000	73.039512
	544.200000	1.000000	74.001342
	544.400000	1.000000	74.194418
	544.600000	1.000000	74.041840
	544.800000	1.000000	72.708266
	545.000000	1.000000	73.095178
	545.200000	1.000000	74.293303
	545.400000	1.000000	75.848622
	545.600000	1.000000	71.724336
	545.800000	1.000000	73.459171
	546.000000	1.000000	73.368080
	546.200000	1.000000	72.534335
	546.400000	1.000000	70.708481
	546.600000	1.000000	69.987934
	546.800000	1.000000	74.625452
	547.000000	1.000000	71.505967
	547.200000	1.000000	74.674790
	547.400000	1.000000	75.206594
	547.600000	1.000000	73.560000
	547.800000	1.000000	68.066169
	548.000000	1.000000	73.080570
	548.200000	1.000000	74.502558
	548.400000	1.000000	73.827788
	548.600000	1.000000	72.888840
	548.800000	1.000000	71.739995
	549.000000	1.000000	72.129227
	549.200000	1.000000	73.525728
	549.400000	1.000000	70.155757
	549.600000	1.000000	74.137349
	549.800000	1.000000	76.572627
	550.000000	1.000000	74.984992
	550.200000	1.000000	73.415060
	550.400000	1.000000	72.597348
	550.600000	1.000000	73.843519
	550.800000	1.000000	71.756427
	551.000000	1.000000	72.497846
	551.200000	1.000000	73.026132
	551.400000	1.000000	72.466312
	551.600000	1.000000	75.042648
	551.800000	1.000000	72.500346
	552.000000	1.000000	71.083576
	552.200000	1.000000	74.474127
	552.400000	1.000000	73.401010
	552.600000	1.000000	73.366607
	552.800000	1.000000	71.269042
	553.000000	1.000000	70.486224
	553.200000	1.000000	74.670250
	553.400000	1.000000	72.463993
	553.600000	1.000000	77.479871
	553.800000	1.000000	69.524136
	554.000000	1.000000	70.333902
	554.200000	1.000000	73.912901
	554.400000	1.000000	76.086095
	554.600000	1.000000	72.972896
	554.800000	1.000000	75.530330
	555.000000	1.000000	74.601519
	555.200000	1.000000	73.862412
	555.400000	1.000000	71.742128
	555.600000	1.000000	74.215814
	555.800000	1.000000	72.990859
	556.000000	1.000000	74.188241
	556.200000	1.000000	74.294533
	556.400000	1.000000	70.711275
	556.600000	1.000000	73.029755
	556.800000	1.000000	72.876849
	557.000000	1.000000	73.160728
	557.200000	1.000000	73.456268
	557.400000	1.000000	72.422776
	557.600000	1.000000	72.715308
	557.800000	1.000000	73.148378
	558.000000	1.000000	74.541538
	558.200000	1.000000	72.700384
	558.400000	1.000000	74.133922
	558.600000	1.000000	75.579635
	558.800000	1.000000	76.584263
	559.000000	1.000000	71.266198
	559.200000	1.000000	74.439264
	559.400000	1.000000	75.126206
	559.600000	1.000000	71.648461
	559.800000	1.000000	73.809750
	560.000000	1.000000	71.876573
	560.200000	1.000000	72.818666
	560.400000	1.000000	78.169609
	560.600000	1.000000	75.143592
	560.800000	1.000000	73.344278
	561.000000	1.000000	72.919908
	561.200000	1.000000	73.864024
	561.400000	1.000000	70.176609
	561.600000	1.000000	72.542807
	561.800000	1.000000	73.202724
	562.000000	1.000000	71.307785
	562.200000	1.000000	71.688003
	562.400000	1.000000	73.747889
	562.600000	1.000000	70.749126
	562.800000	1.000000	71.635608
	563.000000	1.000000	75.156329
	563.200000	1.000000	73.728853
	563.400000	1.000000	72.902607
	563.600000	1.000000	73.685865
	563.800000	1.000000	73.477779
	564.000000	1.000000	76.146725
	564.200000	1.000000	74.600180
	564.400000	1.000000	71.357646
	564.600000	1.000000	72.997537
	564.800000	1.000000	69.149163
	565.000000	1.000000	73.533849
	565.200000	1.000000	72.147991
	565.400000	1.000000	74.023269
	565.600000	1.000000	72.688893
	565.800000	1.000000	73.068749
	566.000000	1.000000	70.034612
	566.200000	1.000000	75.570266
	566.400000	1.000000	70.671127
	566.600000	1.000000	71.675831
	566.800000	1.000000	73.008734
	567.000000	1.000000	70.670988
	567.200000	1.000000	73.372414
	567.400000	1.000000	73.225197
	567.600000	1.000000	71.568961
	567.800000	1.000000	71.503370
	568.000000	1.000000	70.437369
	568.200000	1.000000	71.178952
	568.400000	1.000000	69.967346
	568.600000	1.000000	74.080780
	568.800000	1.000000	69.664208
	569.000000	1.000000	71.842382
	569.200000	1.000000	71.874221
	569.400000	1.000000	74.986657
	569.600000	1.000000	75.910446
	569.800000	1.000000	73.178233
	570.000000	1.000000	70.663059
	570.200000	1.000000	74.361121
	570.400000	1.000000	72.877131
	570.600000	1.000000	75.995962
	570.800000	1.000000	73.905516
	571.000000	1.000000	72.137578
	571.200000	1.000000	74.139871
	571.400000	1.000000	73.843936
	571.600000	1.000000	73.057138
	571.800000	1.000000	70.919604
	572.000000	1.000000	73.295146
	572.200000	1.000000	72.135302
	572.400000	1.000000	72.858836
	572.600000	1.000000	72.346951
	572.800000	1.000000	73.352234
	573.000000	1.000000	74.071872
	573.200000	1.000000	75.321305
	573.400000	1.000000	74.993812
	573.600000	1.000000	73.917229
	573.800000	1.000000	71.634369
	574.000000	1.000000	69.853665
	574.200000	1.000000	71.607375
	574.400000	1.000000	74.254359
	574.600000	1.000000	74.131658
	574.800000	1.000000	73.487547
	575.000000	1.000000	72.465112
	575.200000	1.000000	74.265695
	575.400000	1.000000	74.397334
	575.600000	1.000000	73.729211
	575.800000	1.000000	73.677334
	576.000000	1.000000	73.353518
	576.200000	1.000000	72.017270
	576.400000	1.000000	73.975577
	576.600000	1.000000	73.849661
	576.800000	1.000000	72.009851
	577.000000	1.000000	72.237106
	577.200000	1.000000	71.467601
	577.400000	1.000000	75.533310
	577.600000	1.000000	73.223274
	577.800000	1.000000	76.490096
	578.000000	1.000000	74.982229
	578.200000	1.000000	74.340204
	578.400000	1.000000	70.570306
	578.600000	1.000000	73.087552
	578.800000	1.000000	73.527516
	579.000000	1.000000	72.662187
	579.200000	1.000000	72.213851
	579.400000	1.000000	77.561902
	579.600000	1.000000	71.050541
	579.800000	1.000000	71.349425
	580.000000	1.000000	69.580998
	580.200000	1.000000	72.683143
	580.400000	1.000000	71.773049
	580.600000	1.000000	70.443375
	580.800000	1.000000	76.071349
	581.000000	1.000000	70.558402
	581.200000	1.000000	71.402577
	581.400000	1.000000	75.141344
	581.600000	1.000000	74.540577
	581.800000	1.000000	75.470229
	582.000000	1.000000	77.174402
	582.200000	1.000000	74.096344
	582.400000	1.000000	73.417772
	582.600000	1.000000	70.964844
	582.800000	1.000000	73.237198
	583.000000	1.000000	72.997157
	583.200000	1.000000	73.155240
	583.400000	1.000000	72.600126
	583.600000	1.000000	72.637035
	583.800000	1.000000	75.401760
	584.000000	1.000000	70.686260
	584.200000	1.000000	74.327469
	584.400000	1.000000	70.760761
	584.600000	1.000000	72.942819
	584.800000	1.000000	76.098135
	585.000000	1.000000	74.362975
	585.200000	1.000000	73.784788
	585.400000	1.000000	73.564084
	585.600000	1.000000	72.401640
	585.800000	1.000000	72.695134
	586.000000	1.000000	73.384226
	586.200000	1.000000	75.008414
	586.400000	1.000000	74.824372
	586.600000	1.000000	74.406889
	586.800000	1.000000	72.567734
	587.000000	1.000000	74.587511
	587.200000	1.000000	69.777555
	587.400000	1.000000	72.433317
	587.600000	1.000000	72.496532
	587.800000	1.000000	73.498662
	588.000000	1.000000	72.042806
	588.200000	1.000000	75.725265
	588.400000	1.000000	75.039869
	588.600000	1.000000	71.109632
	588.800000	1.000000	72.059732
	589.000000	1.000000	71.602348
	589.200000	1.000000	69.969365
	589.400000	1.000000	74.457254
	589.600000	1.000000	72.208698
	589.800000	1.000000	73.310683
	590.000000	1.000000	72.721584
	590.200000	1.000000	75.954961
	590.400000	1.000000	74.890270
	590.600000	1.000000	72.091587
	590.800000	1.000000	72.573943
	591.000000	1.000000	71.819781
	591.200000	1.000000	74.579697
	591.400000	1.000000	70.923706
	591.600000	1.000000	72.014894
	591.800000	1.000000	72.827555
	592.000000	1.000000	73.272853
	592.200000	1.000000	73.417957
	592.400000	1.000000	71.209588
	592.600000	1.000000	71.455259
	592.800000	1.000000	71.063740
	593.000000	1.000000	73.131486
	593.200000	1.000000	76.498079
	593.400000	1.000000	72.979405
	593.600000	1.000000	72.728358
	593.800000	1.000000	74.346487
	594.000000	1.000000	71.287488
	594.200000	1.000000	71.654085
	594.400000	1.000000	72.308003
	594.600000	1.000000	71.240178
	594.800000	1.000000	72.159218
	595.000000	1.000000	72.555858
	595.200000	1.000000	72.684200
	595.400000	1.000000	73.209059
	595.600000	1.000000	73.708232
	595.800000	1.000000	73.741989
	596.000000	1.000000	73.338228
	596.200000	1.000000	72.368474
	596.400000	1.000000	72.237216
	596.600000	1.000000	75.551171
	596.800000	1.000000	70.662610
	597.000000	1.000000	75.532305
	597.200000	1.000000	70.300246
	597.400000	1.000000	72.440174
	597.600000	1.000000	74.374364
	597.800000	1.000000	71.702096
	598.000000	1.000000	71.697112
	598.200000	1.000000	72.915225
	598.400000	1.000000	74.169066
	598.600000	1.000000	71.146420
	598.800000	1.000000	72.093845
	599.000000	1.000000	74.849373
	599.200000	1.000000	73.536669
	599.400000	1.000000	72.202499
	599.600000	1.000000	71.795546
	599.800000	1.000000	73.458304
