	0.000000	0.000000	0.102560
	0.200000	0.000000	-0.049709
	0.400000	0.000000	-0.013221
	0.600000	0.000000	-0.064566
	0.800000	0.000000	-0.089898
	1.000000	0.000000	0.091549
	1.200000	0.000000	-0.019603
	1.400000	0.000000	-0.032509
	1.600000	0.000000	0.059094
	1.800000	0.000000	0.168752
	2.000000	0.000000	-0.054480
	2.200000	0.000000	-0.042380
	2.400000	1.000000	0.016824
	2.600000	1.000000	0.115837
	2.800000	1.000000	-0.107260
	3.000000	1.000000	-0.141107
	3.200000	1.000000	-0.000568
	3.400000	1.000000	-0.022501
	3.600000	0.000000	0.013182
	3.800000	0.000000	-0.051808
	4.000000	1.000000	0.109912
	4.200000	1.000000	0.103950
	4.400000	1.000000	0.014446
	4.600000	0.000000	0.066618
	4.800000	0.000000	0.009586
	5.000000	0.000000	-0.074703
	5.200000	0.000000	-0.068790
	5.400000	0.000000	0.013352
	5.600000	1.000000	-0.124470
	5.800000	1.000000	-0.029794
	6.000000	0.000000	-0.017873
	6.200000	0.000000	0.090570
	6.400000	1.000000	0.079655
	6.600000	1.000000	0.072234
	6.800000	1.000000	0.073135
	7.000000	0.000000	-0.082361
	7.200000	0.000000	0.010941
	7.400000	0.000000	-0.167677
	7.600000	0.000000	0.044381
	7.800000	1.000000	0.098757
	8.000000	1.000000	-0.025017
	8.200000	1.000000	0.025242
	8.400000	0.000000	0.058652
	8.600000	0.000000	0.048931
	8.800000	1.000000	-0.055567
	9.000000	0.000000	0.001046
	9.200000	1.000000	-0.051661
	9.400000	1.000000	0.034650
	9.600000	0.000000	0.046848
	9.800000	0.000000	0.013438
	10.000000	1.000000	-0.090268
	10.200000	1.000000	0.046192
	10.400000	1.000000	-0.058605
	10.600000	1.000000	0.128103
	10.800000	0.000000	-0.127936
	11.000000	1.000000	-0.179617
	11.200000	1.000000	-0.110090
	11.400000	1.000000	-0.023725
	11.600000	1.000000	0.050252
	11.800000	0.000000	-0.015444
	12.000000	0.000000	-0.033218
	12.200000	0.000000	-0.089459
	12.400000	0.000000	0.038948
	12.600000	1.000000	0.038502
	12.800000	1.000000	-0.106126
	13.000000	1.000000	-0.058638
	13.200000	1.000000	0.009305
	13.400000	1.000000	0.012528
	13.600000	1.000000	-0.058662
	13.800000	0.000000	-0.010235
	14.000000	1.000000	-0.056239
	14.200000	1.000000	0.024665
	14.400000	1.000000	0.056199
	14.600000	1.000000	-0.047670
	14.800000	0.000000	-0.036885
	15.000000	0.000000	-0.114003
	15.200000	1.000000	0.118354
	15.400000	0.000000	-0.018102
	15.600000	1.000000	-0.079214
	15.800000	1.000000	-0.044672
	16.000000	1.000000	-0.051856
	16.200000	1.000000	0.078710
	16.400000	0.000000	-0.074491
	16.600000	1.000000	-0.019391
	16.800000	1.000000	0.019389
	17.000000	1.000000	0.005292
	17.200000	1.000000	-0.071597
	17.400000	0.000000	0.079830
	17.600000	1.000000	-0.025048
	17.800000	0.000000	0.118126
	18.000000	0.000000	0.075380
	18.200000	1.000000	-0.008040
	18.400000	1.000000	-0.002549
	18.600000	1.000000	0.051612
	18.800000	0.000000	-0.058667
	19.000000	1.000000	-0.082718
	19.200000	0.000000	0.026375
	19.400000	0.000000	0.103616
	19.600000	1.000000	0.169173
	19.800000	0.000000	0.024738
	20.000000	1.000000	0.120651
	20.200000	1.000000	0.067337
	20.400000	0.000000	0.094528
	20.600000	0.000000	0.088330
	20.800000	0.000000	0.018072
	21.000000	0.000000	0.091004
	21.200000	0.000000	0.062152
	21.400000	1.000000	0.132863
	21.600000	0.000000	0.126851
	21.800000	1.000000	0.101479
	22.000000	0.000000	0.003110
	22.200000	0.000000	0.104120
	22.400000	1.000000	0.154237
	22.600000	1.000000	0.213923
	22.800000	1.000000	0.135834
	23.000000	1.000000	0.171545
	23.200000	1.000000	0.024784
	23.400000	0.000000	0.225272
	23.600000	1.000000	0.208798
	23.800000	1.000000	0.182966
	24.000000	0.000000	0.280755
	24.200000	0.000000	0.177949
	24.400000	1.000000	0.289681
	24.600000	1.000000	0.289370
	24.800000	1.000000	0.328801
	25.000000	0.000000	0.280906
	25.200000	0.000000	0.336284
	25.400000	0.000000	0.355275
	25.600000	1.000000	0.242363
	25.800000	1.000000	0.175738
	26.000000	1.000000	0.392248
	26.200000	1.000000	0.246200
	26.400000	0.000000	0.400027
	26.600000	0.000000	0.251699
	26.800000	0.000000	0.177273
	27.000000	0.000000	0.347072
	27.200000	0.000000	0.487743
	27.400000	1.000000	0.455995
	27.600000	0.000000	0.386453
	27.800000	1.000000	0.279536
	28.000000	1.000000	0.353674
	28.200000	1.000000	0.565755
	28.400000	1.000000	0.559976
	28.600000	1.000000	0.508222
	28.800000	1.000000	0.564309
	29.000000	1.000000	0.424311
	29.200000	0.000000	0.298553
	29.400000	1.000000	0.610160
	29.600000	0.000000	0.609830
	29.800000	0.000000	0.662166
	30.000000	0.000000	0.605857
	30.200000	1.000000	0.618255
	30.400000	0.000000	0.517372
	30.600000	1.000000	0.560063
	30.800000	1.000000	0.751193
	31.000000	0.000000	0.568340
	31.200000	1.000000	0.699903
	31.400000	1.000000	0.622427
	31.600000	0.000000	0.578227
	31.800000	0.000000	0.737599
	32.000000	0.000000	0.724377
	32.200000	0.000000	0.921619
	32.400000	0.000000	0.801339
	32.600000	1.000000	0.758464
	32.800000	1.000000	0.853715
	33.000000	0.000000	0.739288
	33.200000	0.000000	0.877890
	33.400000	0.000000	0.989593
	33.600000	1.000000	0.708800
	33.800000	1.000000	0.927522
	34.000000	0.000000	0.792856
	34.200000	0.000000	1.029671
	34.400000	0.000000	0.937605
	34.600000	1.000000	1.039672
	34.800000	1.000000	0.884193
	35.000000	0.000000	0.958066
	35.200000	1.000000	0.955972
	35.400000	0.000000	1.054638
	35.600000	1.000000	0.993011
	35.800000	1.000000	1.099137
	36.000000	0.000000	0.997578
	36.200000	1.000000	0.964242
	36.400000	1.000000	1.067219
	36.600000	1.000000	0.909498
	36.800000	0.000000	1.201072
	37.000000	0.000000	1.073078
	37.200000	1.000000	1.114395
	37.400000	0.000000	1.101102
	37.600000	1.000000	1.104953
	37.800000	0.000000	1.049743
	38.000000	0.000000	1.240230
	38.200000	1.000000	1.088719
	38.400000	1.000000	1.231794
	38.600000	1.000000	1.362683
	38.800000	1.000000	1.060413
	39.000000	0.000000	1.162763
	39.200000	0.000000	1.218207
	39.400000	1.000000	1.276652
	39.600000	1.000000	1.162219
	39.800000	0.000000	1.160691
	40.000000	0.000000	1.275261
	40.200000	0.000000	1.279574
	40.400000	1.000000	1.228057
	40.600000	0.000000	1.306851
	40.800000	0.000000	1.516204
	41.000000	0.000000	1.272352
	41.200000	1.000000	1.209222
	41.400000	1.000000	1.344736
	41.600000	1.000000	1.361837
	41.800000	1.000000	1.211554
	42.000000	1.000000	1.385616
	42.200000	1.000000	1.549403
	42.400000	0.000000	1.275914
	42.600000	1.000000	1.427505
	42.800000	0.000000	1.356124
	43.000000	1.000000	1.568621
	43.200000	1.000000	1.535507
	43.400000	0.000000	1.566363
	43.600000	0.000000	1.258931
	43.800000	1.000000	1.561378
	44.000000	1.000000	1.497329
	44.200000	1.000000	1.490301
	44.400000	0.000000	1.519861
	44.600000	1.000000	1.458148
	44.800000	1.000000	1.467468
	45.000000	1.000000	1.551902
	45.200000	1.000000	1.602439
	45.400000	1.000000	1.598200
	45.600000	1.000000	1.683096
	45.800000	1.000000	1.611879
	46.000000	1.000000	1.405076
	46.200000	1.000000	1.606347
	46.400000	1.000000	1.587003
	46.600000	0.000000	1.720544
	46.800000	0.000000	1.666086
	47.000000	1.000000	1.854712
	47.200000	1.000000	1.657181
	47.400000	1.000000	1.762317
	47.600000	1.000000	1.705442
	47.800000	0.000000	1.625012
	48.000000	0.000000	1.674346
	48.200000	0.000000	1.694065
	48.400000	0.000000	1.772221
	48.600000	1.000000	1.891696
	48.800000	0.000000	1.949392
	49.000000	0.000000	1.567521
	49.200000	1.000000	1.828811
	49.400000	1.000000	1.808272
	49.600000	1.000000	1.847276
	49.800000	0.000000	1.802972
	50.000000	0.000000	1.711910
	50.200000	0.000000	1.815508
	50.400000	0.000000	1.833799
	50.600000	0.000000	1.672235
	50.800000	0.000000	1.804524
	51.000000	1.000000	2.027567
	51.200000	0.000000	1.811608
	51.400000	0.000000	1.854023
	51.600000	1.000000	1.783812
	51.800000	1.000000	1.888236
	52.000000	0.000000	1.927891
	52.200000	0.000000	1.785066
	52.400000	1.000000	1.724352
	52.600000	0.000000	1.972633
	52.800000	0.000000	1.816024
	53.000000	0.000000	1.758726
	53.200000	1.000000	2.022431
	53.400000	1.000000	2.015628
	53.600000	0.000000	1.985251
	53.800000	0.000000	2.071124
	54.000000	0.000000	2.058665
	54.200000	0.000000	2.058406
	54.400000	0.000000	1.982574
	54.600000	1.000000	1.895759
	54.800000	1.000000	2.088869
	55.000000	0.000000	1.835182
	55.200000	1.000000	2.004856
	55.400000	0.000000	1.991091
	55.600000	1.000000	2.001710
	55.800000	1.000000	2.071401
	56.000000	0.000000	1.944608
	56.200000	0.000000	2.043054
	56.400000	1.000000	2.047223
	56.600000	1.000000	2.224264
	56.800000	0.000000	1.952533
	57.000000	0.000000	2.128196
	57.200000	1.000000	1.939861
	57.400000	1.000000	2.079294
	57.600000	1.000000	2.011803
	57.800000	1.000000	1.957833
	58.000000	0.000000	2.127166
	58.200000	1.000000	2.259299
	58.400000	0.000000	1.974452
	58.600000	1.000000	2.297414
	58.800000	1.000000	2.038142
	59.000000	0.000000	2.171224
	59.200000	0.000000	2.058166
	59.400000	0.000000	2.166459
	59.600000	1.000000	2.165077
	59.800000	1.000000	2.090836
	60.000000	0.000000	2.257050
	60.200000	1.000000	2.195095
	60.400000	1.000000	2.208589
	60.600000	0.000000	2.269292
	60.800000	1.000000	2.302404
	61.000000	0.000000	2.274712
	61.200000	1.000000	2.089582
	61.400000	1.000000	2.089187
	61.600000	0.000000	2.205144
	61.800000	1.000000	2.393362
	62.000000	1.000000	2.255439
	62.200000	0.000000	2.307120
	62.400000	0.000000	2.401464
	62.600000	0.000000	2.472102
	62.800000	1.000000	2.231529
	63.000000	0.000000	2.294516
	63.200000	1.000000	2.366464
	63.400000	1.000000	2.425224
	63.600000	0.000000	2.316781
	63.800000	0.000000	2.251095
	64.000000	1.000000	2.366894
	64.200000	1.000000	2.460716
	64.400000	0.000000	2.454679
	64.600000	0.000000	2.435452
	64.800000	0.000000	2.452800
	65.000000	1.000000	2.346077
	65.200000	1.000000	2.325407
	65.400000	1.000000	2.417943
	65.600000	0.000000	2.426154
	65.800000	1.000000	2.381788
	66.000000	1.000000	2.605342
	66.200000	1.000000	2.267264
	66.400000	0.000000	2.622884
	66.600000	0.000000	2.413255
	66.800000	0.000000	2.372846
	67.000000	1.000000	2.463961
	67.200000	1.000000	2.504660
	67.400000	1.000000	2.522945
	67.600000	0.000000	2.520176
	67.800000	1.000000	2.554319
	68.000000	0.000000	2.493081
	68.200000	0.000000	2.599365
	68.400000	0.000000	2.393454
	68.600000	0.000000	2.502796
	68.800000	0.000000	2.591943
	69.000000	1.000000	2.451685
	69.200000	0.000000	2.564684
	69.400000	0.000000	2.669267
	69.600000	1.000000	2.488822
	69.800000	0.000000	2.715513
	70.000000	0.000000	2.569208
	70.200000	1.000000	2.599564
	70.400000	1.000000	2.379603
	70.600000	0.000000	2.470536
	70.800000	0.000000	2.665564
	71.000000	1.000000	2.494461
	71.200000	1.000000	2.738512
	71.400000	1.000000	2.664939
	71.600000	0.000000	2.507692
	71.800000	1.000000	2.518566
	72.000000	1.000000	2.644857
	72.200000	0.000000	2.497343
	72.400000	1.000000	2.713995
	72.600000	1.000000	2.493452
	72.800000	1.000000	2.616983
	73.000000	1.000000	2.492625
	73.200000	1.000000	2.635650
	73.400000	0.000000	2.468473
	73.600000	1.000000	2.620210
	73.800000	1.000000	2.530358
	74.000000	0.000000	2.496061
	74.200000	1.000000	2.687522
	74.400000	0.000000	2.640090
	74.600000	1.000000	2.558066
	74.800000	1.000000	2.548014
	75.000000	0.000000	2.619095
	75.200000	0.000000	2.660487
	75.400000	1.000000	2.656490
	75.600000	0.000000	2.656882
	75.800000	0.000000	2.831339
	76.000000	0.000000	2.755458
	76.200000	1.000000	2.673280
	76.400000	1.000000	2.701268
	76.600000	1.000000	2.802942
	76.800000	0.000000	2.699288
	77.000000	0.000000	2.751331
	77.200000	0.000000	2.611916
	77.400000	0.000000	2.763951
	77.600000	1.000000	2.725254
	77.800000	0.000000	2.871367
	78.000000	0.000000	2.797115
	78.200000	0.000000	2.615611
	78.400000	0.000000	2.645233
	78.600000	1.000000	2.811947
	78.800000	0.000000	2.777672
	79.000000	0.000000	2.857562
	79.200000	0.000000	2.755308
	79.400000	1.000000	2.709121
	79.600000	1.000000	2.953343
	79.800000	1.000000	2.921152
	80.000000	0.000000	2.785103
	80.200000	0.000000	2.733250
	80.400000	1.000000	2.662045
	80.600000	0.000000	2.873075
	80.800000	1.000000	2.741975
	81.000000	0.000000	2.867942
	81.200000	0.000000	2.664320
	81.400000	0.000000	2.722744
	81.600000	1.000000	2.757736
	81.800000	1.000000	2.864770
	82.000000	1.000000	2.713815
	82.200000	0.000000	2.780087
	82.400000	0.000000	2.831946
	82.600000	0.000000	2.866985
	82.800000	1.000000	2.798228
	83.000000	1.000000	2.886707
	83.200000	0.000000	2.787482
	83.400000	0.000000	2.827656
	83.600000	0.000000	2.851270
	83.800000	0.000000	2.943167
	84.000000	0.000000	2.786944
	84.200000	0.000000	2.810072
	84.400000	1.000000	2.939067
	84.600000	0.000000	2.960897
	84.800000	1.000000	2.869099
	85.000000	0.000000	2.748663
	85.200000	1.000000	2.757217
	85.400000	0.000000	2.980884
	85.600000	0.000000	2.883877
	85.800000	1.000000	2.805398
	86.000000	1.000000	2.885588
	86.200000	1.000000	2.887705
	86.400000	1.000000	2.970748
	86.600000	0.000000	2.835001
	86.800000	1.000000	2.887206
	87.000000	1.000000	2.869451
	87.200000	1.000000	3.071630
	87.400000	0.000000	2.960430
	87.600000	0.000000	2.858162
	87.800000	0.000000	2.787409
	88.000000	0.000000	2.915512
	88.200000	0.000000	2.912780
	88.400000	1.000000	2.864703
	88.600000	0.000000	2.828466
	88.800000	1.000000	2.882791
	89.000000	0.000000	2.803156
	89.200000	1.000000	2.809311
	89.400000	1.000000	2.986563
	89.600000	1.000000	2.965360
	89.800000	1.000000	2.947383
	90.000000	1.000000	2.884917
	90.200000	1.000000	2.823162
	90.400000	1.000000	3.043444
	90.600000	1.000000	2.997339
	90.800000	0.000000	2.942082
	91.000000	0.000000	3.093701
	91.200000	0.000000	2.848058
	91.400000	0.000000	2.906014
	91.600000	1.000000	2.911996
	91.800000	1.000000	2.886933
	92.000000	0.000000	2.806346
	92.200000	0.000000	2.919721
	92.400000	1.000000	3.036975
	92.600000	1.000000	2.928540
	92.800000	0.000000	3.147882
	93.000000	1.000000	2.935292
	93.200000	0.000000	2.995409
	93.400000	0.000000	2.979127
	93.600000	0.000000	2.914824
	93.800000	1.000000	3.041610
	94.000000	0.000000	2.929015
	94.200000	0.000000	3.236971
	94.400000	1.000000	2.918132
	94.600000	1.000000	2.979971
	94.800000	1.000000	3.075899
	95.000000	1.000000	2.925718
	95.200000	0.000000	3.029041
	95.400000	1.000000	2.911249
	95.600000	0.000000	2.964051
	95.800000	0.000000	3.197015
	96.000000	0.000000	2.804012
	96.200000	0.000000	3.101514
	96.400000	0.000000	3.058303
	96.600000	0.000000	3.165115
	96.800000	1.000000	2.999041
	97.000000	0.000000	2.906899
	97.200000	1.000000	2.860608
	97.400000	0.000000	3.160195
	97.600000	0.000000	2.889491
	97.800000	0.000000	3.028699
	98.000000	0.000000	2.966507
	98.200000	1.000000	2.982981
	98.400000	1.000000	3.129449
	98.600000	1.000000	3.030939
	98.800000	0.000000	2.955255
	99.000000	0.000000	3.204066
	99.200000	0.000000	3.023952
	99.400000	1.000000	2.987404
	99.600000	1.000000	3.006575
	99.800000	1.000000	3.170041
	100.000000	0.000000	3.026354
	100.200000	0.000000	2.954271
	100.400000	0.000000	3.042759
	100.600000	0.000000	3.158278
	100.800000	0.000000	3.128960
	101.000000	0.000000	2.825665
	101.200000	0.000000	2.971699
	101.400000	0.000000	2.995364
	101.600000	0.000000	2.884225
	101.800000	1.000000	3.053019
	102.000000	1.000000	2.989171
	102.200000	0.000000	3.060622
	102.400000	1.000000	3.123877
	102.600000	1.000000	3.018101
	102.800000	1.000000	3.138842
	103.000000	0.000000	2.970327
	103.200000	0.000000	2.893404
	103.400000	0.000000	2.966969
	103.600000	1.000000	3.073238
	103.800000	0.000000	3.051200
	104.000000	0.000000	3.043759
	104.200000	0.000000	2.998015
	104.400000	1.000000	2.917957
	104.600000	0.000000	3.063950
	104.800000	0.000000	2.914769
	105.000000	1.000000	3.000734
	105.200000	1.000000	3.063668
	105.400000	1.000000	3.013851
	105.600000	0.000000	3.023356
	105.800000	0.000000	2.994302
	106.000000	1.000000	2.867937
	106.200000	0.000000	3.031847
	106.400000	0.000000	2.971849
	106.600000	0.000000	3.053146
	106.800000	1.000000	3.000353
	107.000000	0.000000	3.214913
	107.200000	1.000000	2.976090
	107.400000	1.000000	3.036424
	107.600000	0.000000	3.096733
	107.800000	0.000000	2.949775
	108.000000	0.000000	3.064683
	108.200000	0.000000	3.052612
	108.400000	0.000000	3.191292
	108.600000	0.000000	3.021472
	108.800000	0.000000	2.897704
	109.000000	1.000000	2.952913
	109.200000	0.000000	3.064297
	109.400000	0.000000	3.107797
	109.600000	1.000000	3.081839
	109.800000	0.000000	3.094219
	110.000000	1.000000	3.028059
	110.200000	0.000000	2.996374
	110.400000	1.000000	3.266498
	110.600000	0.000000	2.986856
	110.800000	0.000000	3.038687
	111.000000	1.000000	2.994566
	111.200000	0.000000	3.088976
	111.400000	0.000000	3.046514
	111.600000	1.000000	3.047400
	111.800000	0.000000	3.062091
	112.000000	1.000000	3.090062
	112.200000	1.000000	3.277589
	112.400000	0.000000	3.073913
	112.600000	1.000000	3.070503
	112.800000	1.000000	3.103076
	113.000000	1.000000	3.137521
	113.200000	0.000000	3.171024
	113.400000	1.000000	3.029240
	113.600000	0.000000	2.955278
	113.800000	0.000000	3.191346
	114.000000	1.000000	3.123183
	114.200000	0.000000	3.139945
	114.400000	0.000000	3.107403
	114.600000	0.000000	3.171569
	114.800000	0.000000	3.004075
	115.000000	0.000000	2.989694
	115.200000	0.000000	3.107935
	115.400000	0.000000	3.141528
	115.600000	1.000000	3.131879
	115.800000	0.000000	3.115326
	116.000000	1.000000	3.111370
	116.200000	0.000000	3.066338
	116.400000	0.000000	3.265472
	116.600000	1.000000	3.058016
	116.800000	0.000000	3.087869
	117.000000	1.000000	3.031642
	117.200000	1.000000	3.273553
	117.400000	1.000000	3.212693
	117.600000	0.000000	3.216166
	117.800000	1.000000	3.134402
	118.000000	0.000000	3.191273
	118.200000	0.000000	3.107050
	118.400000	1.000000	3.252894
	118.600000	1.000000	3.017917
	118.800000	1.000000	3.012286
	119.000000	0.000000	3.061850
	119.200000	0.000000	2.989158
	119.400000	0.000000	3.205217
	119.600000	0.000000	2.880574
	119.800000	1.000000	3.158577
	120.000000	0.000000	2.996948
	120.200000	1.000000	3.174242
	120.400000	0.000000	3.074006
	120.600000	0.000000	3.138193
	120.800000	1.000000	3.119056
	121.000000	0.000000	3.089012
	121.200000	0.000000	2.969484
	121.400000	1.000000	3.129362
	121.600000	1.000000	3.055743
	121.800000	0.000000	3.066704
	122.000000	1.000000	3.027775
	122.200000	0.000000	3.152241
	122.400000	1.000000	3.049319
	122.600000	1.000000	3.018472
	122.800000	0.000000	3.014480
	123.000000	1.000000	2.931442
	123.200000	0.000000	3.054718
	123.400000	1.000000	3.074910
	123.600000	0.000000	3.073448
	123.800000	0.000000	3.266164
	124.000000	1.000000	3.125560
	124.200000	0.000000	3.079365
	124.400000	0.000000	2.953958
	124.600000	0.000000	2.969893
	124.800000	1.000000	3.013045
	125.000000	1.000000	3.145187
	125.200000	1.000000	3.011913
	125.400000	0.000000	2.850769
	125.600000	1.000000	2.961754
	125.800000	0.000000	3.172218
	126.000000	0.000000	3.119344
	126.200000	1.000000	2.933614
	126.400000	0.000000	2.987319
	126.600000	0.000000	3.113668
	126.800000	1.000000	2.958395
	127.000000	0.000000	3.025617
	127.200000	0.000000	2.934083
	127.400000	0.000000	2.989393
	127.600000	0.000000	2.927785
	127.800000	1.000000	3.118306
	128.000000	1.000000	2.958431
	128.200000	1.000000	2.885057
	128.400000	1.000000	3.093743
	128.600000	0.000000	3.061296
	128.800000	1.000000	2.917727
	129.000000	1.000000	3.083937
	129.200000	1.000000	3.037454
	129.400000	1.000000	2.996621
	129.600000	1.000000	3.122085
	129.800000	0.000000	3.067902
	130.000000	0.000000	3.168577
	130.200000	0.000000	3.179581
	130.400000	1.000000	3.075195
	130.600000	1.000000	2.909613
	130.800000	0.000000	3.017102
	131.000000	1.000000	3.165316
	131.200000	0.000000	3.008081
	131.400000	1.000000	3.045421
	131.600000	0.000000	3.050844
	131.800000	0.000000	2.808635
	132.000000	1.000000	3.108835
	132.200000	1.000000	2.984384
	132.400000	1.000000	2.921956
	132.600000	0.000000	3.087978
	132.800000	1.000000	2.976075
	133.000000	1.000000	3.128642
	133.200000	1.000000	3.098367
	133.400000	1.000000	3.172848
	133.600000	0.000000	2.992300
	133.800000	1.000000	3.058504
	134.000000	1.000000	3.014935
	134.200000	1.000000	3.034310
	134.400000	1.000000	2.967276
	134.600000	1.000000	3.006931
	134.800000	1.000000	3.136939
	135.000000	0.000000	3.007050
	135.200000	0.000000	2.920876
	135.400000	1.000000	3.068704
	135.600000	1.000000	3.009917
	135.800000	0.000000	3.078965
	136.000000	0.000000	3.050231
	136.200000	0.000000	2.915905
	136.400000	0.000000	2.994896
	136.600000	0.000000	3.042526
	136.800000	0.000000	2.954078
	137.000000	0.000000	2.866652
	137.200000	1.000000	2.950394
	137.400000	1.000000	2.786126
	137.600000	0.000000	2.975920
	137.800000	1.000000	3.024237
	138.000000	0.000000	2.935293
	138.200000	1.000000	3.051446
	138.400000	0.000000	2.843779
	138.600000	0.000000	3.125293
	138.800000	0.000000	2.826280
	139.000000	1.000000	2.982119
	139.200000	1.000000	2.959777
	139.400000	0.000000	3.121171
	139.600000	1.000000	3.096274
	139.800000	1.000000	2.916415
	140.000000	0.000000	2.930154
	140.200000	1.000000	2.904340
	140.400000	1.000000	3.096547
	140.600000	1.000000	3.080365
	140.800000	1.000000	3.083759
	141.000000	0.000000	3.082137
	141.200000	1.000000	2.998457
	141.400000	1.000000	2.905029
	141.600000	1.000000	3.199587
	141.800000	0.000000	2.884342
	142.000000	1.000000	2.953079
	142.200000	1.000000	3.052285
	142.400000	0.000000	3.026784
	142.600000	0.000000	2.948661
	142.800000	1.000000	2.899614
	143.000000	0.000000	2.902014
	143.200000	0.000000	2.948111
	143.400000	1.000000	3.068747
	143.600000	0.000000	3.105293
	143.800000	0.000000	3.077064
	144.000000	1.000000	3.035874
	144.200000	0.000000	3.109028
	144.400000	0.000000	2.896034
	144.600000	1.000000	2.998443
	144.800000	1.000000	3.029008
	145.000000	1.000000	3.267168
	145.200000	1.000000	3.229852
	145.400000	1.000000	2.943190
	145.600000	1.000000	3.100529
	145.800000	1.000000	3.026647
	146.000000	0.000000	2.987717
	146.200000	0.000000	3.086375
	146.400000	0.000000	3.166227
	146.600000	1.000000	3.020654
	146.800000	0.000000	3.169002
	147.000000	1.000000	2.943387
	147.200000	0.000000	2.962122
	147.400000	0.000000	3.081652
	147.600000	1.000000	3.169834
	147.800000	0.000000	2.946597
	148.000000	1.000000	3.139281
	148.200000	0.000000	3.044354
	148.400000	1.000000	3.000860
	148.600000	0.000000	2.959987
	148.800000	1.000000	2.940965
	149.000000	0.000000	3.168386
	149.200000	0.000000	3.051041
	149.400000	0.000000	3.151030
	149.600000	1.000000	2.858446
	149.800000	0.000000	3.066445
	150.000000	0.000000	3.114217
	150.200000	0.000000	3.015693
	150.400000	1.000000	3.105935
	150.600000	0.000000	2.926710
	150.800000	1.000000	3.223950
	151.000000	0.000000	3.070874
	151.200000	1.000000	2.924990
	151.400000	1.000000	3.049499
	151.600000	0.000000	3.027945
	151.800000	0.000000	3.144101
	152.000000	0.000000	3.086307
	152.200000	1.000000	3.266840
	152.400000	1.000000	3.069028
	152.600000	1.000000	3.047007
	152.800000	1.000000	3.157574
	153.000000	1.000000	3.104800
	153.200000	0.000000	3.192590
	153.400000	1.000000	3.134461
	153.600000	0.000000	3.118674
	153.800000	0.000000	3.131125
	154.000000	1.000000	3.082419
	154.200000	1.000000	2.961012
	154.400000	1.000000	3.068570
	154.600000	1.000000	3.136993
	154.800000	1.000000	3.260540
	155.000000	0.000000	3.081746
	155.200000	0.000000	3.004422
	155.400000	1.000000	3.045047
	155.600000	0.000000	3.203513
	155.800000	0.000000	3.187315
	156.000000	1.000000	3.098722
	156.200000	1.000000	3.165708
	156.400000	0.000000	3.262604
	156.600000	0.000000	3.336170
	156.800000	1.000000	3.212835
	157.000000	0.000000	3.342739
	157.200000	1.000000	3.060568
	157.400000	0.000000	3.091174
	157.600000	1.000000	3.171111
	157.800000	1.000000	3.217249
	158.000000	0.000000	3.197224
	158.200000	0.000000	3.180069
	158.400000	1.000000	3.172953
	158.600000	0.000000	3.232264
	158.800000	1.000000	3.277860
	159.000000	1.000000	3.335232
	159.200000	1.000000	3.432115
	159.400000	1.000000	3.446249
	159.600000	1.000000	3.246726
	159.800000	0.000000	3.317643
	160.000000	1.000000	3.283685
	160.200000	1.000000	3.307823
	160.400000	1.000000	3.461978
	160.600000	0.000000	3.236042
	160.800000	0.000000	3.249216
	161.000000	1.000000	3.262267
	161.200000	1.000000	3.338572
	161.400000	0.000000	3.266645
	161.600000	1.000000	3.244637
	161.800000	0.000000	3.181228
	162.000000	1.000000	3.197482
	162.200000	1.000000	3.248977
	162.400000	0.000000	3.320256
	162.600000	0.000000	3.356195
	162.800000	0.000000	3.190632
	163.000000	1.000000	3.445161
	163.200000	0.000000	3.223303
	163.400000	0.000000	3.212070
	163.600000	1.000000	3.273592
	163.800000	1.000000	3.277448
	164.000000	0.000000	3.235000
	164.200000	1.000000	3.068311
	164.400000	1.000000	3.343572
	164.600000	1.000000	3.230917
	164.800000	0.000000	3.237911
	165.000000	0.000000	3.315907
	165.200000	1.000000	3.259008
	165.400000	0.000000	3.209116
	165.600000	0.000000	3.264654
	165.800000	0.000000	3.215126
	166.000000	0.000000	3.188027
	166.200000	1.000000	3.335270
	166.400000	1.000000	3.293690
	166.600000	1.000000	3.352861
	166.800000	0.000000	3.120092
	167.000000	0.000000	3.291713
	167.200000	1.000000	3.412146
	167.400000	1.000000	3.270100
	167.600000	1.000000	3.221861
	167.800000	1.000000	3.172227
	168.000000	0.000000	3.183495
	168.200000	0.000000	3.162989
	168.400000	1.000000	3.252139
	168.600000	0.000000	3.339215
	168.800000	1.000000	3.229505
	169.000000	0.000000	3.329281
	169.200000	0.000000	3.362857
	169.400000	1.000000	3.213158
	169.600000	0.000000	3.335441
	169.800000	1.000000	3.410768
	170.000000	1.000000	3.286296
	170.200000	0.000000	3.332751
	170.400000	0.000000	3.377977
	170.600000	1.000000	3.376308
	170.800000	0.000000	3.391411
	171.000000	0.000000	3.337918
	171.200000	1.000000	3.493942
	171.400000	0.000000	3.316460
	171.600000	1.000000	3.430417
	171.800000	1.000000	3.315683
	172.000000	0.000000	3.303751
	172.200000	0.000000	3.226861
	172.400000	1.000000	3.344102
	172.600000	1.000000	3.430790
	172.800000	0.000000	3.176080
	173.000000	1.000000	3.431400
	173.200000	0.000000	3.380193
	173.400000	1.000000	3.245002
	173.600000	1.000000	3.323149
	173.800000	1.000000	3.294860
	174.000000	0.000000	3.352090
	174.200000	0.000000	3.322571
	174.400000	1.000000	3.420830
	174.600000	0.000000	3.401980
	174.800000	0.000000	3.371169
	175.000000	0.000000	3.366165
	175.200000	1.000000	3.344974
	175.400000	1.000000	3.376958
	175.600000	1.000000	3.392482
	175.800000	1.000000	3.313885
	176.000000	0.000000	3.272834
	176.200000	0.000000	3.364931
	176.400000	0.000000	3.404543
	176.600000	1.000000	3.406154
	176.800000	0.000000	3.283159
	177.000000	1.000000	3.425580
	177.200000	0.000000	3.379631
	177.400000	1.000000	3.220543
	177.600000	1.000000	3.454067
	177.800000	0.000000	3.391762
	178.000000	1.000000	3.428385
	178.200000	0.000000	3.343773
	178.400000	1.000000	3.362320
	178.600000	1.000000	3.498137
	178.800000	1.000000	3.489417
	179.000000	1.000000	3.424842
	179.200000	0.000000	3.348186
	179.400000	0.000000	3.310795
	179.600000	0.000000	3.357687
	179.800000	0.000000	3.575072
	180.000000	0.000000	3.367654
	180.200000	0.000000	3.389182
	180.400000	1.000000	3.463460
	180.600000	1.000000	3.368747
	180.800000	1.000000	3.444358
	181.000000	1.000000	3.399363
	181.200000	1.000000	3.355226
	181.400000	0.000000	3.289246
	181.600000	0.000000	3.477805
	181.800000	0.000000	3.452929
	182.000000	1.000000	3.299007
	182.200000	1.000000	3.478590
	182.400000	1.000000	3.336605
	182.600000	1.000000	3.370020
	182.800000	0.000000	3.432468
	183.000000	1.000000	3.421032
	183.200000	0.000000	3.486071
	183.400000	0.000000	3.334179
	183.600000	0.000000	3.329447
	183.800000	1.000000	3.284634
	184.000000	0.000000	3.281802
	184.200000	0.000000	3.358246
	184.400000	1.000000	3.482757
	184.600000	0.000000	3.491279
	184.800000	1.000000	3.431580
	185.000000	1.000000	3.411182
	185.200000	0.000000	3.377822
	185.400000	1.000000	3.405984
	185.600000	0.000000	3.356316
	185.800000	1.000000	3.294030
	186.000000	0.000000	3.451324
	186.200000	1.000000	3.394247
	186.400000	0.000000	3.352360
	186.600000	0.000000	3.365156
	186.800000	0.000000	3.316188
	187.000000	0.000000	3.441487
	187.200000	1.000000	3.493116
	187.400000	0.000000	3.436288
	187.600000	0.000000	3.283203
	187.800000	1.000000	3.630690
	188.000000	0.000000	3.472267
	188.200000	0.000000	3.439258
	188.400000	1.000000	3.385584
	188.600000	0.000000	3.534876
	188.800000	0.000000	3.570479
	189.000000	0.000000	3.497024
	189.200000	1.000000	3.495237
	189.400000	1.000000	3.508947
	189.600000	1.000000	3.501682
	189.800000	1.000000	3.427371
	190.000000	1.000000	3.417410
	190.200000	0.000000	3.472361
	190.400000	0.000000	3.574998
	190.600000	1.000000	3.307873
	190.800000	0.000000	3.506137
	191.000000	1.000000	3.507305
	191.200000	1.000000	3.623183
	191.400000	1.000000	3.600765
	191.600000	0.000000	3.643925
	191.800000	0.000000	3.521294
	192.000000	1.000000	3.592084
	192.200000	1.000000	3.482439
	192.400000	1.000000	3.407888
	192.600000	1.000000	3.510431
	192.800000	1.000000	3.403856
	193.000000	1.000000	3.311632
	193.200000	1.000000	3.573737
	193.400000	0.000000	3.525828
	193.600000	1.000000	3.288047
	193.800000	0.000000	3.398741
	194.000000	1.000000	3.521040
	194.200000	0.000000	3.418720
	194.400000	1.000000	3.566163
	194.600000	0.000000	3.403612
	194.800000	1.000000	3.432817
	195.000000	1.000000	3.565464
	195.200000	1.000000	3.407530
	195.400000	1.000000	3.450619
	195.600000	0.000000	3.340394
	195.800000	0.000000	3.617235
	196.000000	0.000000	3.550281
	196.200000	1.000000	3.633503
	196.400000	0.000000	3.472974
	196.600000	0.000000	3.454398
	196.800000	1.000000	3.523271
	197.000000	1.000000	3.629287
	197.200000	1.000000	3.385133
	197.400000	0.000000	3.536120
	197.600000	1.000000	3.250741
	197.800000	1.000000	3.517165
	198.000000	0.000000	3.344171
	198.200000	0.000000	3.568152
	198.400000	0.000000	3.625248
	198.600000	1.000000	3.534215
	198.800000	1.000000	3.443499
	199.000000	1.000000	3.554572
	199.200000	0.000000	3.612249
	199.400000	0.000000	3.574176
	199.600000	0.000000	3.636421
	199.800000	1.000000	3.315496
	200.000000	0.000000	3.579251
	200.200000	0.000000	3.405496
	200.400000	0.000000	3.494996
	200.600000	0.000000	3.522487
	200.800000	0.000000	3.447110
	201.000000	0.000000	3.584789
	201.200000	1.000000	3.493821
	201.400000	1.000000	3.604392
	201.600000	1.000000	3.562293
	201.800000	1.000000	3.421238
	202.000000	0.000000	3.510669
	202.200000	0.000000	3.569157
	202.400000	0.000000	3.425106
	202.600000	0.000000	3.490905
	202.800000	1.000000	3.570937
	203.000000	1.000000	3.415782
	203.200000	0.000000	3.494032
	203.400000	1.000000	3.631141
	203.600000	1.000000	3.584828
	203.800000	1.000000	3.542138
	204.000000	0.000000	3.471723
	204.200000	1.000000	3.535190
	204.400000	0.000000	3.539439
	204.600000	1.000000	3.619362
	204.800000	0.000000	3.613685
	205.000000	0.000000	3.381592
	205.200000	0.000000	3.436333
	205.400000	0.000000	3.484597
	205.600000	0.000000	3.516921
	205.800000	1.000000	3.587502
	206.000000	1.000000	3.365975
	206.200000	1.000000	3.516401
	206.400000	0.000000	3.551326
	206.600000	0.000000	3.358108
	206.800000	0.000000	3.439792
	207.000000	1.000000	3.626782
	207.200000	0.000000	3.502291
	207.400000	1.000000	3.416335
	207.600000	0.000000	3.429932
	207.800000	0.000000	3.487898
	208.000000	0.000000	3.406248
	208.200000	0.000000	3.469153
	208.400000	1.000000	3.561122
	208.600000	0.000000	3.520072
	208.800000	1.000000	3.440456
	209.000000	0.000000	3.579527
	209.200000	0.000000	3.343167
	209.400000	0.000000	3.517212
	209.600000	1.000000	3.376027
	209.800000	0.000000	3.530658
	210.000000	1.000000	3.415496
	210.200000	1.000000	3.564341
	210.400000	0.000000	3.422451
	210.600000	0.000000	3.617830
	210.800000	1.000000	3.357100
	211.000000	0.000000	3.515620
	211.200000	0.000000	3.446320
	211.400000	0.000000	3.501965
	211.600000	0.000000	3.569149
	211.800000	1.000000	3.563290
	212.000000	1.000000	3.440487
	212.200000	0.000000	3.495967
	212.400000	0.000000	3.485652
	212.600000	0.000000	3.649743
	212.800000	1.000000	3.574076
	213.000000	1.000000	3.607948
	213.200000	1.000000	3.544689
	213.400000	0.000000	3.483749
	213.600000	0.000000	3.473861
	213.800000	1.000000	3.430921
	214.000000	1.000000	3.677595
	214.200000	0.000000	3.544821
	214.400000	0.000000	3.542767
	214.600000	0.000000	3.447130
	214.800000	0.000000	3.601067
	215.000000	1.000000	3.551226
	215.200000	0.000000	3.562594
	215.400000	0.000000	3.518011
	215.600000	1.000000	3.555643
	215.800000	1.000000	3.645673
	216.000000	0.000000	3.676044
	216.200000	0.000000	3.403445
	216.400000	0.000000	3.516168
	216.600000	0.000000	3.510401
	216.800000	0.000000	3.518303
	217.000000	0.000000	3.496443
	217.200000	1.000000	3.488290
	217.400000	1.000000	3.688731
	217.600000	1.000000	3.501988
	217.800000	0.000000	3.404479
	218.000000	1.000000	3.498959
	218.200000	0.000000	3.597995
	218.400000	0.000000	3.703647
	218.600000	0.000000	3.556267
	218.800000	1.000000	3.355585
	219.000000	0.000000	3.439275
	219.200000	1.000000	3.552578
	219.400000	0.000000	3.541535
	219.600000	0.000000	3.510355
	219.800000	1.000000	3.487377
	220.000000	1.000000	3.555167
	220.200000	0.000000	3.690751
	220.400000	0.000000	3.388740
	220.600000	1.000000	3.341684
	220.800000	0.000000	3.561459
	221.000000	1.000000	3.554747
	221.200000	1.000000	3.412895
	221.400000	1.000000	3.549231
	221.600000	1.000000	3.539281
	221.800000	0.000000	3.506224
	222.000000	0.000000	3.394843
	222.200000	1.000000	3.497838
	222.400000	1.000000	3.552079
	222.600000	1.000000	3.527785
	222.800000	0.000000	3.450768
	223.000000	1.000000	3.490343
	223.200000	1.000000	3.420937
	223.400000	0.000000	3.587566
	223.600000	0.000000	3.422269
	223.800000	1.000000	3.477559
	224.000000	1.000000	3.525585
	224.200000	1.000000	3.502825
	224.400000	1.000000	3.584460
	224.600000	0.000000	3.514022
	224.800000	0.000000	3.488984
	225.000000	1.000000	3.357602
	225.200000	1.000000	3.530766
	225.400000	1.000000	3.582694
	225.600000	0.000000	3.343799
	225.800000	0.000000	3.606359
	226.000000	1.000000	3.370104
	226.200000	0.000000	3.465639
	226.400000	0.000000	3.506409
	226.600000	1.000000	3.476435
	226.800000	1.000000	3.503898
	227.000000	0.000000	3.423708
	227.200000	1.000000	3.590304
	227.400000	1.000000	3.409638
	227.600000	0.000000	3.490658
	227.800000	1.000000	3.571206
	228.000000	0.000000	3.377769
	228.200000	1.000000	3.527444
	228.400000	0.000000	3.345039
	228.600000	0.000000	3.450558
	228.800000	1.000000	3.592242
	229.000000	1.000000	3.525946
	229.200000	0.000000	3.577913
	229.400000	0.000000	3.565022
	229.600000	1.000000	3.359503
	229.800000	1.000000	3.357059
	230.000000	1.000000	3.389738
	230.200000	1.000000	3.326912
	230.400000	1.000000	3.411357
	230.600000	1.000000	3.329426
	230.800000	0.000000	3.479205
	231.000000	1.000000	3.271960
	231.200000	1.000000	3.317982
	231.400000	0.000000	3.430271
	231.600000	1.000000	3.396128
	231.800000	0.000000	3.359811
	232.000000	0.000000	3.399279
	232.200000	1.000000	3.351033
	232.400000	0.000000	3.387150
	232.600000	0.000000	3.286661
	232.800000	1.000000	3.413774
	233.000000	0.000000	3.405869
	233.200000	1.000000	3.444395
	233.400000	0.000000	3.364232
	233.600000	0.000000	3.226970
	233.800000	1.000000	3.548692
	234.000000	1.000000	3.087998
	234.200000	1.000000	3.443250
	234.400000	0.000000	3.435653
	234.600000	0.000000	3.281349
	234.800000	0.000000	3.325786
	235.000000	1.000000	3.289569
	235.200000	1.000000	3.372192
	235.400000	0.000000	3.281500
	235.600000	1.000000	3.388494
	235.800000	0.000000	3.321819
	236.000000	0.000000	3.517912
	236.200000	0.000000	3.247986
	236.400000	0.000000	3.350700
	236.600000	1.000000	3.461081
	236.800000	1.000000	3.337399
	237.000000	1.000000	3.358445
	237.200000	1.000000	3.244243
	237.400000	1.000000	3.193372
	237.600000	0.000000	3.436596
	237.800000	1.000000	3.221665
	238.000000	1.000000	3.392913
	238.200000	1.000000	3.484887
	238.400000	1.000000	3.306567
	238.600000	1.000000	3.457342
	238.800000	1.000000	3.249244
	239.000000	1.000000	3.214547
	239.200000	0.000000	3.263386
	239.400000	1.000000	3.373270
	239.600000	1.000000	3.146930
	239.800000	0.000000	3.452566
	240.000000	0.000000	3.436425
	240.200000	1.000000	3.476503
	240.400000	0.000000	3.303048
	240.600000	1.000000	3.453828
	240.800000	0.000000	3.477103
	241.000000	0.000000	3.284105
	241.200000	0.000000	3.377721
	241.400000	1.000000	3.439130
	241.600000	0.000000	3.292996
	241.800000	1.000000	3.290571
	242.000000	0.000000	3.307033
	242.200000	0.000000	3.377638
	242.400000	0.000000	3.342751
	242.600000	1.000000	3.321517
	242.800000	0.000000	3.372625
	243.000000	0.000000	3.385917
	243.200000	1.000000	3.188310
	243.400000	0.000000	3.261634
	243.600000	0.000000	3.329187
	243.800000	1.000000	3.287884
	244.000000	0.000000	3.447115
	244.200000	1.000000	3.455993
	244.400000	0.000000	3.285879
	244.600000	1.000000	3.361652
	244.800000	1.000000	3.220484
	245.000000	1.000000	3.314809
	245.200000	1.000000	3.294440
	245.400000	0.000000	3.367802
	245.600000	0.000000	3.452355
	245.800000	1.000000	3.213865
	246.000000	1.000000	3.414340
	246.200000	0.000000	3.491660
	246.400000	0.000000	3.342313
	246.600000	1.000000	3.501203
	246.800000	1.000000	3.422094
	247.000000	0.000000	3.470260
	247.200000	0.000000	3.476565
	247.400000	0.000000	3.380309
	247.600000	1.000000	3.468637
	247.800000	0.000000	3.346719
	248.000000	1.000000	3.393507
	248.200000	0.000000	3.391405
	248.400000	1.000000	3.549288
	248.600000	1.000000	3.422585
	248.800000	1.000000	3.403867
	249.000000	1.000000	3.291674
	249.200000	0.000000	3.383919
	249.400000	1.000000	3.410734
	249.600000	1.000000	3.407854
	249.800000	1.000000	3.398891
	250.000000	0.000000	3.432230
	250.200000	0.000000	3.495621
	250.400000	1.000000	3.297528
	250.600000	0.000000	3.402157
	250.800000	0.000000	3.320450
	251.000000	1.000000	3.382927
	251.200000	0.000000	3.513583
	251.400000	1.000000	3.405486
	251.600000	1.000000	3.494386
	251.800000	1.000000	3.445383
	252.000000	0.000000	3.551309
	252.200000	1.000000	3.494600
	252.400000	1.000000	3.456270
	252.600000	0.000000	3.340110
	252.800000	1.000000	3.534059
	253.000000	1.000000	3.439160
	253.200000	1.000000	3.274755
	253.400000	0.000000	3.532134
	253.600000	1.000000	3.382359
	253.800000	0.000000	3.374437
	254.000000	1.000000	3.397833
	254.200000	1.000000	3.485477
	254.400000	0.000000	3.451079
	254.600000	0.000000	3.348178
	254.800000	0.000000	3.494655
	255.000000	0.000000	3.508865
	255.200000	1.000000	3.428858
	255.400000	0.000000	3.324292
	255.600000	1.000000	3.600743
	255.800000	1.000000	3.520436
	256.000000	0.000000	3.400432
	256.200000	0.000000	3.580754
	256.400000	0.000000	3.629465
	256.600000	0.000000	3.449742
	256.800000	1.000000	3.541370
	257.000000	0.000000	3.555373
	257.200000	0.000000	3.458400
	257.400000	1.000000	3.636404
	257.600000	0.000000	3.705338
	257.800000	0.000000	3.416142
	258.000000	0.000000	3.412662
	258.200000	0.000000	3.327675
	258.400000	0.000000	3.399219
	258.600000	0.000000	3.522774
	258.800000	1.000000	3.612836
	259.000000	1.000000	3.528152
	259.200000	0.000000	3.627063
	259.400000	1.000000	3.485812
	259.600000	0.000000	3.558026
	259.800000	0.000000	3.469636
	260.000000	0.000000	3.620055
	260.200000	0.000000	3.327508
	260.400000	0.000000	3.464556
	260.600000	1.000000	3.293681
	260.800000	1.000000	3.558005
	261.000000	1.000000	3.520669
	261.200000	1.000000	3.401153
	261.400000	0.000000	3.494847
	261.600000	0.000000	3.458498
	261.800000	1.000000	3.283549
	262.000000	0.000000	3.406477
	262.200000	1.000000	3.486367
	262.400000	1.000000	3.633509
	262.600000	0.000000	3.559349
	262.800000	1.000000	3.393368
	263.000000	0.000000	3.466750
	263.200000	1.000000	3.455508
	263.400000	1.000000	3.564482
	263.600000	1.000000	3.516909
	263.800000	0.000000	3.530232
	264.000000	0.000000	3.435767
	264.200000	0.000000	3.457232
	264.400000	0.000000	3.470949
	264.600000	0.000000	3.472103
	264.800000	0.000000	3.407684
	265.000000	1.000000	3.558787
	265.200000	1.000000	3.411983
	265.400000	0.000000	3.343996
	265.600000	1.000000	3.392609
	265.800000	1.000000	3.629479
	266.000000	0.000000	3.741569
	266.200000	0.000000	3.493919
	266.400000	0.000000	3.713715
	266.600000	0.000000	3.507555
	266.800000	1.000000	3.467698
	267.000000	0.000000	3.501679
	267.200000	1.000000	3.529293
	267.400000	0.000000	3.521336
	267.600000	0.000000	3.650801
	267.800000	0.000000	3.465766
	268.000000	0.000000	3.545151
	268.200000	0.000000	3.627710
	268.400000	1.000000	3.555563
	268.600000	1.000000	3.590636
	268.800000	0.000000	3.560517
	269.000000	0.000000	3.532493
	269.200000	0.000000	3.609041
	269.400000	0.000000	3.609709
	269.600000	1.000000	3.668286
	269.800000	0.000000	3.572898
	270.000000	0.000000	3.422829
	270.200000	0.000000	3.542765
	270.400000	1.000000	3.605828
	270.600000	0.000000	3.572418
	270.800000	0.000000	3.602151
	271.000000	0.000000	3.542478
	271.200000	0.000000	3.493348
	271.400000	1.000000	3.596755
	271.600000	0.000000	3.567553
	271.800000	0.000000	3.465120
	272.000000	1.000000	3.661099
	272.200000	1.000000	3.554367
	272.400000	1.000000	3.496598
	272.600000	1.000000	3.764927
	272.800000	0.000000	3.553820
	273.000000	0.000000	3.544337
	273.200000	0.000000	3.582187
	273.400000	0.000000	3.554254
	273.600000	0.000000	3.612459
	273.800000	0.000000	3.544996
	274.000000	0.000000	3.570164
	274.200000	1.000000	3.544912
	274.400000	1.000000	3.443001
	274.600000	1.000000	3.718011
	274.800000	1.000000	3.483152
	275.000000	0.000000	3.426679
	275.200000	1.000000	3.588959
	275.400000	0.000000	3.612636
	275.600000	0.000000	3.544064
	275.800000	1.000000	3.561345
	276.000000	1.000000	3.616481
	276.200000	0.000000	3.527137
	276.400000	0.000000	3.506738
	276.600000	1.000000	3.405243
	276.800000	0.000000	3.548829
	277.000000	0.000000	3.581939
	277.200000	1.000000	3.465548
	277.400000	1.000000	3.604009
	277.600000	1.000000	3.521521
	277.800000	0.000000	3.435789
	278.000000	0.000000	3.687875
	278.200000	0.000000	3.495846
	278.400000	1.000000	3.584612
	278.600000	0.000000	3.443410
	278.800000	0.000000	3.539414
	279.000000	1.000000	3.447355
	279.200000	0.000000	3.591568
	279.400000	0.000000	3.380916
	279.600000	0.000000	3.548255
	279.800000	1.000000	3.469523
	280.000000	1.000000	3.573629
	280.200000	0.000000	3.592978
	280.400000	1.000000	3.563905
	280.600000	1.000000	3.488334
	280.800000	0.000000	3.457228
	281.000000	0.000000	3.447644
	281.200000	1.000000	3.459509
	281.400000	1.000000	3.433148
	281.600000	1.000000	3.561111
	281.800000	0.000000	3.471788
	282.000000	1.000000	3.273708
	282.200000	0.000000	3.463572
	282.400000	1.000000	3.382487
	282.600000	1.000000	3.557763
	282.800000	1.000000	3.430591
	283.000000	1.000000	3.347763
	283.200000	1.000000	3.392884
	283.400000	0.000000	3.500977
	283.600000	1.000000	3.378299
	283.800000	0.000000	3.291763
	284.000000	0.000000	3.619570
	284.200000	0.000000	3.450536
	284.400000	0.000000	3.457133
	284.600000	1.000000	3.425487
	284.800000	1.000000	3.492262
	285.000000	1.000000	3.525934
	285.200000	0.000000	3.350930
	285.400000	1.000000	3.339224
	285.600000	0.000000	3.233012
	285.800000	1.000000	3.452632
	286.000000	1.000000	3.393535
	286.200000	1.000000	3.459985
	286.400000	0.000000	3.392841
	286.600000	1.000000	3.360302
	286.800000	0.000000	3.512452
	287.000000	1.000000	3.529497
	287.200000	0.000000	3.353182
	287.400000	0.000000	3.441844
	287.600000	1.000000	3.441637
	287.800000	0.000000	3.214384
	288.000000	0.000000	3.510466
	288.200000	1.000000	3.309564
	288.400000	1.000000	3.318973
	288.600000	1.000000	3.441184
	288.800000	1.000000	3.396054
	289.000000	0.000000	3.362890
	289.200000	1.000000	3.230083
	289.400000	1.000000	3.393654
	289.600000	0.000000	3.401761
	289.800000	0.000000	3.253247
	290.000000	0.000000	3.290864
	290.200000	0.000000	3.367944
	290.400000	0.000000	3.322741
	290.600000	0.000000	3.282089
	290.800000	0.000000	3.242426
	291.000000	0.000000	3.256098
	291.200000	0.000000	3.512829
	291.400000	0.000000	3.295225
	291.600000	1.000000	3.264996
	291.800000	0.000000	3.175215
	292.000000	1.000000	3.408428
	292.200000	1.000000	3.153149
	292.400000	1.000000	3.069381
	292.600000	1.000000	3.296874
	292.800000	0.000000	3.227976
	293.000000	1.000000	3.507603
	293.200000	1.000000	3.313016
	293.400000	0.000000	3.252894
	293.600000	1.000000	3.324470
	293.800000	0.000000	3.182159
	294.000000	1.000000	3.295791
	294.200000	0.000000	3.187120
	294.400000	0.000000	3.361504
	294.600000	0.000000	3.296807
	294.800000	1.000000	3.279442
	295.000000	0.000000	3.332709
	295.200000	0.000000	3.382406
	295.400000	1.000000	3.306274
	295.600000	1.000000	3.372344
	295.800000	0.000000	3.269188
	296.000000	1.000000	3.196368
	296.200000	0.000000	3.311393
	296.400000	1.000000	3.307528
	296.600000	0.000000	3.243457
	296.800000	0.000000	3.306865
	297.000000	1.000000	3.302971
	297.200000	0.000000	3.335955
	297.400000	1.000000	3.170457
	297.600000	0.000000	3.454050
	297.800000	1.000000	3.229703
	298.000000	1.000000	3.264631
	298.200000	1.000000	3.239533
	298.400000	0.000000	3.335834
	298.600000	0.000000	3.238353
	298.800000	0.000000	3.240655
	299.000000	1.000000	3.220800
	299.200000	1.000000	3.320774
	299.400000	0.000000	3.215575
	299.600000	1.000000	3.305245
	299.800000	1.000000	3.256494
	300.000000	0.000000	3.142907
	300.200000	0.000000	3.272710
	300.400000	0.000000	3.306325
	300.600000	1.000000	3.297922
	300.800000	1.000000	3.376487
	301.000000	0.000000	3.218277
	301.200000	1.000000	3.236352
	301.400000	0.000000	3.309035
	301.600000	0.000000	3.292863
	301.800000	1.000000	3.375098
	302.000000	0.000000	3.174995
	302.200000	1.000000	3.340400
	302.400000	1.000000	3.342236
	302.600000	1.000000	3.247257
	302.800000	1.000000	3.261667
	303.000000	0.000000	3.279195
	303.200000	0.000000	3.444148
	303.400000	0.000000	3.488901
	303.600000	1.000000	3.230043
	303.800000	1.000000	3.179092
	304.000000	0.000000	3.269702
	304.200000	1.000000	3.285331
	304.400000	1.000000	3.281981
	304.600000	1.000000	3.297485
	304.800000	0.000000	3.287750
	305.000000	0.000000	3.344720
	305.200000	1.000000	3.451336
	305.400000	1.000000	3.286446
	305.600000	0.000000	3.250207
	305.800000	0.000000	3.284245
	306.000000	0.000000	3.273745
	306.200000	1.000000	3.218339
	306.400000	1.000000	3.321261
	306.600000	0.000000	3.253328
	306.800000	0.000000	3.262199
	307.000000	1.000000	3.169414
	307.200000	1.000000	3.307347
	307.400000	1.000000	3.328038
	307.600000	0.000000	3.344581
	307.800000	1.000000	3.218791
	308.000000	0.000000	3.286718
	308.200000	0.000000	3.251147
	308.400000	1.000000	3.379637
	308.600000	1.000000	3.260310
	308.800000	1.000000	3.250640
	309.000000	1.000000	3.308454
	309.200000	0.000000	3.420134
	309.400000	0.000000	3.278564
	309.600000	0.000000	3.071942
	309.800000	1.000000	3.189170
	310.000000	0.000000	3.289244
	310.200000	0.000000	3.270138
	310.400000	0.000000	3.269466
	310.600000	1.000000	3.408090
	310.800000	1.000000	3.369539
	311.000000	0.000000	3.389001
	311.200000	1.000000	3.282824
	311.400000	1.000000	3.231797
	311.600000	1.000000	3.268536
	311.800000	0.000000	3.257197
	312.000000	1.000000	3.448698
	312.200000	1.000000	3.259105
	312.400000	1.000000	3.387132
	312.600000	0.000000	3.331467
	312.800000	0.000000	3.307484
	313.000000	0.000000	3.378118
	313.200000	0.000000	3.306561
	313.400000	1.000000	3.423211
	313.600000	1.000000	3.133603
	313.800000	0.000000	3.160477
	314.000000	1.000000	3.220553
	314.200000	0.000000	3.334854
	314.400000	1.000000	3.229977
	314.600000	0.000000	3.379332
	314.800000	1.000000	3.263742
	315.000000	0.000000	3.326422
	315.200000	1.000000	3.339178
	315.400000	1.000000	3.335163
	315.600000	0.000000	3.258267
	315.800000	1.000000	3.295523
	316.000000	0.000000	3.330029
	316.200000	0.000000	3.333097
	316.400000	0.000000	3.236832
	316.600000	1.000000	3.221689
	316.800000	1.000000	3.360475
	317.000000	0.000000	3.222502
	317.200000	0.000000	3.330501
	317.400000	1.000000	3.190916
	317.600000	1.000000	3.477836
	317.800000	1.000000	3.414996
	318.000000	1.000000	3.254820
	318.200000	1.000000	3.289681
	318.400000	0.000000	3.265319
	318.600000	0.000000	3.348096
	318.800000	1.000000	3.417162
	319.000000	1.000000	3.174242
	319.200000	0.000000	3.349110
	319.400000	1.000000	3.347882
	319.600000	1.000000	3.317792
	319.800000	0.000000	3.201859
	320.000000	0.000000	3.446956
	320.200000	0.000000	3.232961
	320.400000	0.000000	3.230622
	320.600000	0.000000	3.354147
	320.800000	0.000000	3.264362
	321.000000	1.000000	3.201414
	321.200000	0.000000	3.386290
	321.400000	0.000000	3.345268
	321.600000	0.000000	3.233828
	321.800000	1.000000	3.290068
	322.000000	0.000000	3.316050
	322.200000	0.000000	3.492845
	322.400000	1.000000	3.350170
	322.600000	0.000000	3.381008
	322.800000	1.000000	3.426092
	323.000000	0.000000	3.299016
	323.200000	0.000000	3.411988
	323.400000	1.000000	3.353690
	323.600000	0.000000	3.388128
	323.800000	1.000000	3.380795
	324.000000	0.000000	3.478025
	324.200000	0.000000	3.308121
	324.400000	0.000000	3.503198
	324.600000	1.000000	3.132570
	324.800000	0.000000	3.435598
	325.000000	0.000000	3.243005
	325.200000	0.000000	3.344012
	325.400000	0.000000	3.353110
	325.600000	0.000000	3.544731
	325.800000	1.000000	3.408905
	326.000000	0.000000	3.334751
	326.200000	1.000000	3.304239
	326.400000	1.000000	3.276556
	326.600000	1.000000	3.317151
	326.800000	0.000000	3.338329
	327.000000	1.000000	3.434053
	327.200000	1.000000	3.487158
	327.400000	1.000000	3.491927
	327.600000	0.000000	3.235523
	327.800000	1.000000	3.509681
	328.000000	1.000000	3.375817
	328.200000	0.000000	3.301434
	328.400000	1.000000	3.471084
	328.600000	1.000000	3.344266
	328.800000	0.000000	3.377779
	329.000000	0.000000	3.099922
	329.200000	1.000000	3.438184
	329.400000	0.000000	3.579680
	329.600000	1.000000	3.575124
	329.800000	1.000000	3.350478
	330.000000	1.000000	3.401350
	330.200000	0.000000	3.425825
	330.400000	1.000000	3.292607
	330.600000	0.000000	3.428025
	330.800000	1.000000	3.396283
	331.000000	1.000000	3.483332
	331.200000	1.000000	3.536524
	331.400000	1.000000	3.317554
	331.600000	0.000000	3.275365
	331.800000	0.000000	3.369595
	332.000000	1.000000	3.469038
	332.200000	0.000000	3.445113
	332.400000	0.000000	3.500290
	332.600000	0.000000	3.304859
	332.800000	1.000000	3.396768
	333.000000	1.000000	3.319887
	333.200000	0.000000	3.420353
	333.400000	1.000000	3.563088
	333.600000	0.000000	3.316538
	333.800000	0.000000	3.449892
	334.000000	0.000000	3.475840
	334.200000	1.000000	3.348873
	334.400000	1.000000	3.543815
	334.600000	1.000000	3.496533
	334.800000	1.000000	3.439716
	335.000000	1.000000	3.420353
	335.200000	1.000000	3.366161
	335.400000	1.000000	3.430260
	335.600000	1.000000	3.396953
	335.800000	0.000000	3.417883
	336.000000	1.000000	3.396811
	336.200000	1.000000	3.397436
	336.400000	0.000000	3.469207
	336.600000	1.000000	3.529600
	336.800000	1.000000	3.424478
	337.000000	0.000000	3.392034
	337.200000	1.000000	3.316183
	337.400000	0.000000	3.462923
	337.600000	0.000000	3.376596
	337.800000	1.000000	3.455454
	338.000000	1.000000	3.384225
	338.200000	1.000000	3.439715
	338.400000	1.000000	3.422983
	338.600000	0.000000	3.283713
	338.800000	1.000000	3.388519
	339.000000	0.000000	3.310185
	339.200000	1.000000	3.319460
	339.400000	0.000000	3.267445
	339.600000	0.000000	3.339637
	339.800000	0.000000	3.426954
	340.000000	0.000000	3.368962
	340.200000	1.000000	3.395224
	340.400000	1.000000	3.245259
	340.600000	1.000000	3.340167
	340.800000	1.000000	3.392951
	341.000000	0.000000	3.360847
	341.200000	0.000000	3.352523
	341.400000	1.000000	3.413708
	341.600000	1.000000	3.531154
	341.800000	1.000000	3.422778
	342.000000	1.000000	3.345696
	342.200000	0.000000	3.306024
	342.400000	1.000000	3.330466
	342.600000	0.000000	3.318391
	342.800000	0.000000	3.274742
	343.000000	1.000000	3.310250
	343.200000	0.000000	3.374292
	343.400000	0.000000	3.357913
	343.600000	0.000000	3.337632
	343.800000	1.000000	3.261484
	344.000000	0.000000	3.349246
	344.200000	0.000000	3.345332
	344.400000	0.000000	3.444003
	344.600000	1.000000	3.367448
	344.800000	0.000000	3.285833
	345.000000	0.000000	3.181419
	345.200000	0.000000	3.397245
	345.400000	1.000000	3.611577
	345.600000	1.000000	3.386890
	345.800000	0.000000	3.479928
	346.000000	0.000000	3.359915
	346.200000	1.000000	3.269974
	346.400000	1.000000	3.354706
	346.600000	0.000000	3.506168
	346.800000	1.000000	3.245698
	347.000000	1.000000	3.419368
	347.200000	0.000000	3.298909
	347.400000	0.000000	3.444613
	347.600000	1.000000	3.402932
	347.800000	0.000000	3.466512
	348.000000	0.000000	3.409537
	348.200000	0.000000	3.559240
	348.400000	1.000000	3.439516
	348.600000	0.000000	3.402691
	348.800000	1.000000	3.403389
	349.000000	0.000000	3.425373
	349.200000	0.000000	3.368761
	349.400000	0.000000	3.271950
	349.600000	0.000000	3.333064
	349.800000	0.000000	3.328734
	350.000000	0.000000	3.518237
	350.200000	1.000000	3.449126
	350.400000	0.000000	3.487890
	350.600000	0.000000	3.254922
	350.800000	0.000000	3.452030
	351.000000	0.000000	3.482445
	351.200000	0.000000	3.569784
	351.400000	0.000000	3.412821
	351.600000	1.000000	3.549187
	351.800000	0.000000	3.539766
	352.000000	1.000000	3.368479
	352.200000	1.000000	3.448159
	352.400000	0.000000	3.399415
	352.600000	0.000000	3.522404
	352.800000	0.000000	3.454303
	353.000000	1.000000	3.502222
	353.200000	1.000000	3.452045
	353.400000	0.000000	3.408478
	353.600000	0.000000	3.554967
	353.800000	1.000000	3.443685
	354.000000	0.000000	3.440464
	354.200000	1.000000	3.482652
	354.400000	0.000000	3.651542
	354.600000	1.000000	3.477532
	354.800000	0.000000	3.504847
	355.000000	0.000000	3.581598
	355.200000	0.000000	3.477345
	355.400000	1.000000	3.511087
	355.600000	0.000000	3.493739
	355.800000	1.000000	3.653939
	356.000000	0.000000	3.410298
	356.200000	1.000000	3.473493
	356.400000	0.000000	3.396511
	356.600000	1.000000	3.440548
	356.800000	0.000000	3.447940
	357.000000	0.000000	3.596671
	357.200000	1.000000	3.456625
	357.400000	1.000000	3.536271
	357.600000	0.000000	3.521037
	357.800000	0.000000	3.396414
	358.000000	0.000000	3.582872
	358.200000	1.000000	3.421233
	358.400000	1.000000	3.605329
	358.600000	1.000000	3.467519
	358.800000	1.000000	3.439992
	359.000000	1.000000	3.598914
	359.200000	1.000000	3.536090
	359.400000	1.000000	3.559604
	359.600000	0.000000	3.630265
	359.800000	0.000000	3.485470
	360.000000	1.000000	3.566087
	360.200000	1.000000	3.516696
	360.400000	0.000000	3.492055
	360.600000	1.000000	3.431552
	360.800000	0.000000	3.578715
	361.000000	0.000000	3.528797
	361.200000	0.000000	3.485238
	361.400000	0.000000	3.595304
	361.600000	0.000000	3.651991
	361.800000	0.000000	3.443334
	362.000000	1.000000	3.478717
	362.200000	1.000000	3.524384
	362.400000	1.000000	3.516522
	362.600000	0.000000	3.273998
	362.800000	0.000000	3.438783
	363.000000	0.000000	3.535093
	363.200000	0.000000	3.480371
	363.400000	0.000000	3.512142
	363.600000	1.000000	3.497214
	363.800000	0.000000	3.581281
	364.000000	0.000000	3.433681
	364.200000	0.000000	3.609691
	364.400000	1.000000	3.620311
	364.600000	1.000000	3.598157
	364.800000	1.000000	3.571048
	365.000000	1.000000	3.551608
	365.200000	0.000000	3.477153
	365.400000	1.000000	3.553545
	365.600000	0.000000	3.659521
	365.800000	1.000000	3.372403
	366.000000	0.000000	3.448982
	366.200000	1.000000	3.375389
	366.400000	0.000000	3.348799
	366.600000	0.000000	3.401981
	366.800000	1.000000	3.418301
	367.000000	1.000000	3.390317
	367.200000	1.000000	3.481710
	367.400000	0.000000	3.312550
	367.600000	0.000000	3.463158
	367.800000	1.000000	3.451893
	368.000000	1.000000	3.402037
	368.200000	1.000000	3.336635
	368.400000	0.000000	3.352265
	368.600000	1.000000	3.467544
	368.800000	0.000000	3.399496
	369.000000	1.000000	3.498688
	369.200000	0.000000	3.356482
	369.400000	1.000000	3.414272
	369.600000	1.000000	3.389429
	369.800000	1.000000	3.283469
	370.000000	0.000000	3.499708
	370.200000	1.000000	3.297393
	370.400000	1.000000	3.388847
	370.600000	0.000000	3.432207
	370.800000	1.000000	3.435919
	371.000000	0.000000	3.432138
	371.200000	1.000000	3.469839
	371.400000	0.000000	3.364639
	371.600000	1.000000	3.405524
	371.800000	0.000000	3.229277
	372.000000	1.000000	3.449201
	372.200000	0.000000	3.387993
	372.400000	0.000000	3.410390
	372.600000	1.000000	3.348548
	372.800000	0.000000	3.495936
	373.000000	0.000000	3.631543
	373.200000	0.000000	3.350452
	373.400000	0.000000	3.460824
	373.600000	1.000000	3.356348
	373.800000	1.000000	3.427409
	374.000000	0.000000	3.513044
	374.200000	1.000000	3.284125
	374.400000	0.000000	3.348322
	374.600000	1.000000	3.299417
	374.800000	1.000000	3.407615
	375.000000	1.000000	3.312976
	375.200000	0.000000	3.232037
	375.400000	1.000000	3.457017
	375.600000	1.000000	3.352735
	375.800000	0.000000	3.427360
	376.000000	0.000000	3.367923
	376.200000	0.000000	3.418065
	376.400000	1.000000	3.247765
	376.600000	0.000000	3.413003
	376.800000	1.000000	3.443114
	377.000000	0.000000	3.290912
	377.200000	0.000000	3.372635
	377.400000	0.000000	3.359025
	377.600000	1.000000	3.519468
	377.800000	1.000000	3.450344
	378.000000	0.000000	3.341527
	378.200000	1.000000	3.381952
	378.400000	0.000000	3.338162
	378.600000	0.000000	3.383024
	378.800000	1.000000	3.387444
	379.000000	1.000000	3.431970
	379.200000	1.000000	3.383952
	379.400000	1.000000	3.412542
	379.600000	1.000000	3.391409
	379.800000	1.000000	3.336993
	380.000000	0.000000	3.404081
	380.200000	1.000000	3.153278
	380.400000	0.000000	3.320738
	380.600000	0.000000	3.472520
	380.800000	1.000000	3.375188
	381.000000	0.000000	3.157702
	381.200000	0.000000	3.377956
	381.400000	1.000000	3.352464
	381.600000	1.000000	3.410436
	381.800000	0.000000	3.164167
	382.000000	0.000000	3.271172
	382.200000	0.000000	3.374967
	382.400000	1.000000	3.254810
	382.600000	1.000000	3.236177
	382.800000	0.000000	3.398662
	383.000000	1.000000	3.318894
	383.200000	1.000000	3.360082
	383.400000	1.000000	3.371206
	383.600000	1.000000	3.318779
	383.800000	0.000000	3.336155
	384.000000	1.000000	3.334319
	384.200000	1.000000	3.308224
	384.400000	0.000000	3.273606
	384.600000	0.000000	3.374052
	384.800000	1.000000	3.406572
	385.000000	1.000000	3.349910
	385.200000	0.000000	3.527629
	385.400000	0.000000	3.307250
	385.600000	0.000000	3.299105
	385.800000	0.000000	3.312446
	386.000000	1.000000	3.171093
	386.200000	1.000000	3.433537
	386.400000	0.000000	3.133443
	386.600000	1.000000	3.327520
	386.800000	1.000000	3.267240
	387.000000	0.000000	3.373333
	387.200000	0.000000	3.237829
	387.400000	1.000000	3.323296
	387.600000	0.000000	3.242970
	387.800000	1.000000	3.294241
	388.000000	0.000000	3.366354
	388.200000	1.000000	3.380054
	388.400000	0.000000	3.318847
	388.600000	1.000000	3.409216
	388.800000	0.000000	3.580121
	389.000000	1.000000	3.293615
	389.200000	0.000000	3.477931
	389.400000	1.000000	3.310103
	389.600000	0.000000	3.257819
	389.800000	0.000000	3.252110
	390.000000	0.000000	3.444803
	390.200000	0.000000	3.265524
	390.400000	0.000000	3.337252
	390.600000	0.000000	3.337219
	390.800000	0.000000	3.425980
	391.000000	1.000000	3.376143
	391.200000	0.000000	3.245156
	391.400000	0.000000	3.304404
	391.600000	0.000000	3.466866
	391.800000	0.000000	3.564261
	392.000000	1.000000	3.163667
	392.200000	0.000000	3.415864
	392.400000	1.000000	3.415382
	392.600000	0.000000	3.436043
	392.800000	1.000000	3.271173
	393.000000	1.000000	3.290823
	393.200000	1.000000	3.131494
	393.400000	0.000000	3.493353
	393.600000	1.000000	3.357357
	393.800000	1.000000	3.546771
	394.000000	1.000000	3.264371
	394.200000	1.000000	3.292142
	394.400000	0.000000	3.395365
	394.600000	1.000000	3.406325
	394.800000	0.000000	3.378151
	395.000000	1.000000	3.199211
	395.200000	1.000000	3.298335
	395.400000	1.000000	3.527673
	395.600000	1.000000	3.312263
	395.800000	0.000000	3.446797
	396.000000	1.000000	3.461148
	396.200000	1.000000	3.289565
	396.400000	0.000000	3.382934
	396.600000	0.000000	3.375186
	396.800000	0.000000	3.408745
	397.000000	1.000000	3.272537
	397.200000	0.000000	3.301800
	397.400000	0.000000	3.400800
	397.600000	0.000000	3.515702
	397.800000	0.000000	3.457082
	398.000000	0.000000	3.442609
	398.200000	1.000000	3.316433
	398.400000	1.000000	3.391841
	398.600000	1.000000	3.219757
	398.800000	1.000000	3.325451
	399.000000	1.000000	3.328573
	399.200000	0.000000	3.292876
	399.400000	1.000000	3.237154
	399.600000	0.000000	3.322458
	399.800000	1.000000	3.400567
	400.000000	1.000000	3.245886
	400.200000	1.000000	3.565537
	400.400000	1.000000	3.608152
	400.600000	1.000000	3.352758
	400.800000	1.000000	3.409730
	401.000000	1.000000	3.386444
	401.200000	0.000000	3.590852
	401.400000	0.000000	3.518792
	401.600000	0.000000	3.411746
	401.800000	0.000000	3.450822
	402.000000	0.000000	3.490991
	402.200000	1.000000	3.611288
	402.400000	0.000000	3.605495
	402.600000	0.000000	3.308117
	402.800000	1.000000	3.401910
	403.000000	1.000000	3.529549
	403.200000	1.000000	3.439432
	403.400000	1.000000	3.493943
	403.600000	1.000000	3.427242
	403.800000	0.000000	3.463043
	404.000000	0.000000	3.482720
	404.200000	0.000000	3.483622
	404.400000	0.000000	3.473921
	404.600000	0.000000	3.606189
	404.800000	1.000000	3.398914
	405.000000	1.000000	3.454969
	405.200000	0.000000	3.475001
	405.400000	1.000000	3.429994
	405.600000	1.000000	3.406676
	405.800000	1.000000	3.354373
	406.000000	1.000000	3.476000
	406.200000	0.000000	3.272113
	406.400000	0.000000	3.313779
	406.600000	1.000000	3.470893
	406.800000	0.000000	3.488354
	407.000000	0.000000	3.464594
	407.200000	1.000000	3.481925
	407.400000	1.000000	3.529278
	407.600000	1.000000	3.384702
	407.800000	0.000000	3.411589
	408.000000	1.000000	3.445094
	408.200000	0.000000	3.376812
	408.400000	1.000000	3.462940
	408.600000	0.000000	3.447067
	408.800000	0.000000	3.285218
	409.000000	1.000000	3.258745
	409.200000	1.000000	3.532791
	409.400000	0.000000	3.322306
	409.600000	1.000000	3.334644
	409.800000	1.000000	3.259585
	410.000000	1.000000	3.324293
	410.200000	1.000000	3.360401
	410.400000	1.000000	3.461020
	410.600000	1.000000	3.357500
	410.800000	0.000000	3.386070
	411.000000	0.000000	3.514133
	411.200000	0.000000	3.367155
	411.400000	1.000000	3.466426
	411.600000	0.000000	3.290355
	411.800000	0.000000	3.336649
	412.000000	0.000000	3.361092
	412.200000	0.000000	3.625508
	412.400000	1.000000	3.525501
	412.600000	0.000000	3.499677
	412.800000	1.000000	3.404111
	413.000000	1.000000	3.428941
	413.200000	1.000000	3.578081
	413.400000	1.000000	3.520625
	413.600000	1.000000	3.312810
	413.800000	0.000000	3.308054
	414.000000	1.000000	3.317841
	414.200000	0.000000	3.379698
	414.400000	1.000000	3.440825
	414.600000	0.000000	3.412179
	414.800000	0.000000	3.317918
	415.000000	1.000000	3.383149
	415.200000	1.000000	3.313457
	415.400000	1.000000	3.463246
	415.600000	1.000000	3.506011
	415.800000	1.000000	3.215948
	416.000000	1.000000	3.455323
	416.200000	1.000000	3.340150
	416.400000	1.000000	3.618508
	416.600000	0.000000	3.471034
	416.800000	0.000000	3.497894
	417.000000	1.000000	3.489855
	417.200000	0.000000	3.350214
	417.400000	1.000000	3.505186
	417.600000	1.000000	3.496698
	417.800000	0.000000	3.288005
	418.000000	0.000000	3.419062
	418.200000	0.000000	3.381911
	418.400000	1.000000	3.291140
	418.600000	1.000000	3.411664
	418.800000	1.000000	3.550889
	419.000000	0.000000	3.361367
	419.200000	1.000000	3.413639
	419.400000	0.000000	3.415358
	419.600000	1.000000	3.540829
	419.800000	0.000000	3.461816
	420.000000	0.000000	3.473287
	420.200000	0.000000	3.660596
	420.400000	1.000000	3.491960
	420.600000	0.000000	3.356811
	420.800000	1.000000	3.628750
	421.000000	1.000000	3.480605
	421.200000	1.000000	3.428762
	421.400000	0.000000	3.502774
	421.600000	1.000000	3.414293
	421.800000	0.000000	3.512581
	422.000000	0.000000	3.519261
	422.200000	0.000000	3.398221
	422.400000	1.000000	3.542053
	422.600000	1.000000	3.549560
	422.800000	0.000000	3.487862
	423.000000	0.000000	3.593553
	423.200000	0.000000	3.523057
	423.400000	1.000000	3.458755
	423.600000	1.000000	3.475463
	423.800000	1.000000	3.378075
	424.000000	1.000000	3.303169
	424.200000	0.000000	3.399897
	424.400000	1.000000	3.457052
	424.600000	1.000000	3.424494
	424.800000	0.000000	3.465042
	425.000000	0.000000	3.558858
	425.200000	1.000000	3.513526
	425.400000	0.000000	3.581338
	425.600000	0.000000	3.546834
	425.800000	0.000000	3.394848
	426.000000	0.000000	3.456952
	426.200000	0.000000	3.405050
	426.400000	1.000000	3.430957
	426.600000	0.000000	3.481432
	426.800000	0.000000	3.519072
	427.000000	0.000000	3.297804
	427.200000	1.000000	3.512512
	427.400000	0.000000	3.442916
	427.600000	1.000000	3.607005
	427.800000	1.000000	3.367527
	428.000000	0.000000	3.611630
	428.200000	1.000000	3.414542
	428.400000	0.000000	3.402104
	428.600000	0.000000	3.631019
	428.800000	0.000000	3.502396
	429.000000	0.000000	3.478772
	429.200000	0.000000	3.531508
	429.400000	0.000000	3.474635
	429.600000	0.000000	3.583074
	429.800000	1.000000	3.483039
	430.000000	1.000000	3.523065
	430.200000	0.000000	3.583575
	430.400000	0.000000	3.607665
	430.600000	0.000000	3.611081
	430.800000	1.000000	3.512202
	431.000000	0.000000	3.591454
	431.200000	0.000000	3.540840
	431.400000	0.000000	3.478832
	431.600000	0.000000	3.660078
	431.800000	1.000000	3.475713
	432.000000	1.000000	3.612634
	432.200000	1.000000	3.514468
	432.400000	1.000000	3.561533
	432.600000	1.000000	3.545818
	432.800000	1.000000	3.573527
	433.000000	1.000000	3.580974
	433.200000	1.000000	3.673273
	433.400000	1.000000	3.620215
	433.600000	1.000000	3.596903
	433.800000	1.000000	3.494287
	434.000000	0.000000	3.542505
	434.200000	1.000000	3.556360
	434.400000	1.000000	3.671784
	434.600000	1.000000	3.436305
	434.800000	1.000000	3.485908
	435.000000	1.000000	3.675235
	435.200000	0.000000	3.581249
	435.400000	1.000000	3.632297
	435.600000	0.000000	3.501629
	435.800000	1.000000	3.581202
	436.000000	1.000000	3.491335
	436.200000	0.000000	3.608878
	436.400000	1.000000	3.585081
	436.600000	1.000000	3.646711
	436.800000	1.000000	3.664376
	437.000000	1.000000	3.631695
	437.200000	0.000000	3.594434
	437.400000	1.000000	3.646927
	437.600000	0.000000	3.682411
	437.800000	1.000000	3.699319
	438.000000	0.000000	3.708811
	438.200000	1.000000	3.534026
	438.400000	1.000000	3.549194
	438.600000	0.000000	3.563474
	438.800000	1.000000	3.488625
	439.000000	1.000000	3.656773
	439.200000	1.000000	3.545873
	439.400000	0.000000	3.666253
	439.600000	1.000000	3.594999
	439.800000	1.000000	3.573584
	440.000000	0.000000	3.590370
	440.200000	1.000000	3.612171
	440.400000	0.000000	3.590442
	440.600000	0.000000	3.713108
	440.800000	0.000000	3.566173
	441.000000	1.000000	3.705838
	441.200000	0.000000	3.545578
	441.400000	1.000000	3.509119
	441.600000	0.000000	3.550402
	441.800000	1.000000	3.559745
	442.000000	1.000000	3.715104
	442.200000	1.000000	3.532682
	442.400000	0.000000	3.543050
	442.600000	0.000000	3.531024
	442.800000	1.000000	3.566056
	443.000000	1.000000	3.631702
	443.200000	1.000000	3.569481
	443.400000	0.000000	3.606165
	443.600000	1.000000	3.620119
	443.800000	1.000000	3.749195
	444.000000	1.000000	3.715834
	444.200000	0.000000	3.627783
	444.400000	1.000000	3.636596
	444.600000	1.000000	3.624788
	444.800000	1.000000	3.488579
	445.000000	1.000000	3.418493
	445.200000	1.000000	3.520771
	445.400000	0.000000	3.550917
	445.600000	0.000000	3.559763
	445.800000	1.000000	3.623642
	446.000000	1.000000	3.479576
	446.200000	1.000000	3.607503
	446.400000	0.000000	3.771461
	446.600000	1.000000	3.522090
	446.800000	0.000000	3.455389
	447.000000	0.000000	3.424628
	447.200000	0.000000	3.552994
	447.400000	1.000000	3.589810
	447.600000	1.000000	3.634656
	447.800000	1.000000	3.511773
	448.000000	0.000000	3.498526
	448.200000	0.000000	3.335362
	448.400000	1.000000	3.421162
	448.600000	1.000000	3.523726
	448.800000	1.000000	3.577621
	449.000000	0.000000	3.650956
	449.200000	0.000000	3.500903
	449.400000	0.000000	3.651751
	449.600000	1.000000	3.716454
	449.800000	0.000000	3.557426
	450.000000	1.000000	3.696473
	450.200000	1.000000	3.673732
	450.400000	0.000000	3.453324
	450.600000	0.000000	3.619442
	450.800000	0.000000	3.632030
	451.000000	1.000000	3.568936
	451.200000	0.000000	3.807891
	451.400000	0.000000	3.554096
	451.600000	0.000000	3.399639
	451.800000	1.000000	3.762478
	452.000000	0.000000	3.461687
	452.200000	1.000000	3.675101
	452.400000	1.000000	3.713766
	452.600000	1.000000	3.685182
	452.800000	1.000000	3.635430
	453.000000	0.000000	3.562264
	453.200000	0.000000	3.652506
	453.400000	0.000000	3.719037
	453.600000	0.000000	3.600079
	453.800000	1.000000	3.618431
	454.000000	0.000000	3.555777
	454.200000	1.000000	3.516119
	454.400000	1.000000	3.616606
	454.600000	1.000000	3.587318
	454.800000	1.000000	3.519376
	455.000000	0.000000	3.666755
	455.200000	0.000000	3.651812
	455.400000	1.000000	3.600502
	455.600000	0.000000	3.489899
	455.800000	1.000000	3.550096
	456.000000	0.000000	3.698525
	456.200000	1.000000	3.684587
	456.400000	1.000000	3.648581
	456.600000	0.000000	3.558665
	456.800000	1.000000	3.711021
	457.000000	1.000000	3.622694
	457.200000	0.000000	3.705039
	457.400000	1.000000	3.627509
	457.600000	1.000000	3.587827
	457.800000	1.000000	3.793956
	458.000000	0.000000	3.464052
	458.200000	1.000000	3.548219
	458.400000	1.000000	3.776405
	458.600000	1.000000	3.589811
	458.800000	1.000000	3.597823
	459.000000	0.000000	3.640307
	459.200000	0.000000	3.659633
	459.400000	0.000000	3.799899
	459.600000	1.000000	3.828362
	459.800000	1.000000	3.522410
	460.000000	1.000000	3.729148
	460.200000	1.000000	3.707310
	460.400000	1.000000	3.564532
	460.600000	1.000000	3.889164
	460.800000	0.000000	3.794789
	461.000000	0.000000	3.546109
	461.200000	0.000000	3.639521
	461.400000	1.000000	3.754922
	461.600000	1.000000	3.728965
	461.800000	0.000000	3.826515
	462.000000	0.000000	3.733595
	462.200000	0.000000	3.840734
	462.400000	1.000000	3.645204
	462.600000	0.000000	3.695158
	462.800000	0.000000	3.823658
	463.000000	1.000000	3.691479
	463.200000	0.000000	3.878461
	463.400000	1.000000	3.865873
	463.600000	1.000000	3.748626
	463.800000	1.000000	3.726379
	464.000000	1.000000	3.746225
	464.200000	0.000000	3.763398
	464.400000	1.000000	3.768106
	464.600000	0.000000	3.679382
	464.800000	1.000000	3.837714
	465.000000	1.000000	3.696282
	465.200000	0.000000	3.670374
	465.400000	1.000000	3.646431
	465.600000	0.000000	3.738167
	465.800000	1.000000	3.748865
	466.000000	1.000000	3.562496
	466.200000	0.000000	3.821281
	466.400000	1.000000	3.795647
	466.600000	0.000000	3.768485
	466.800000	0.000000	3.708987
	467.000000	0.000000	3.690039
	467.200000	0.000000	3.759330
	467.400000	1.000000	3.747816
	467.600000	0.000000	3.773108
	467.800000	0.000000	4.003151
	468.000000	1.000000	3.757439
	468.200000	1.000000	3.835426
	468.400000	0.000000	3.892265
	468.600000	1.000000	3.755707
	468.800000	0.000000	3.887528
	469.000000	0.000000	3.756693
	469.200000	0.000000	3.606864
	469.400000	0.000000	3.648028
	469.600000	1.000000	3.870380
	469.800000	0.000000	3.718243
	470.000000	1.000000	3.883864
	470.200000	1.000000	3.682093
	470.400000	1.000000	3.586068
	470.600000	0.000000	3.778300
	470.800000	1.000000	3.980702
	471.000000	0.000000	3.740703
	471.200000	1.000000	3.891947
	471.400000	0.000000	3.585538
	471.600000	1.000000	3.644832
	471.800000	1.000000	3.746719
	472.000000	0.000000	3.609410
	472.200000	0.000000	3.727569
	472.400000	1.000000	3.542394
	472.600000	1.000000	3.706984
	472.800000	0.000000	3.663234
	473.000000	1.000000	3.648159
	473.200000	1.000000	3.779495
	473.400000	1.000000	3.695948
	473.600000	1.000000	3.844875
	473.800000	1.000000	3.571269
	474.000000	0.000000	3.725620
	474.200000	0.000000	3.635750
	474.400000	0.000000	3.785624
	474.600000	0.000000	3.790584
	474.800000	1.000000	3.889258
	475.000000	0.000000	3.733786
	475.200000	1.000000	3.716179
	475.400000	0.000000	3.644852
	475.600000	1.000000	3.756298
	475.800000	1.000000	3.708531
	476.000000	0.000000	3.795906
	476.200000	0.000000	3.757455
	476.400000	1.000000	3.665469
	476.600000	1.000000	3.754315
	476.800000	1.000000	3.753325
	477.000000	1.000000	3.734770
	477.200000	1.000000	3.739034
	477.400000	1.000000	3.780014
	477.600000	1.000000	3.783406
	477.800000	1.000000	3.720363
	478.000000	1.000000	3.667762
	478.200000	0.000000	3.960519
	478.400000	1.000000	3.852181
	478.600000	0.000000	3.697238
	478.800000	1.000000	3.742390
	479.000000	1.000000	3.821128
	479.200000	1.000000	3.691045
	479.400000	0.000000	3.818027
	479.600000	1.000000	3.754472
	479.800000	1.000000	3.780929
	480.000000	1.000000	3.799706
	480.200000	0.000000	3.840164
	480.400000	0.000000	3.698974
	480.600000	1.000000	3.717117
	480.800000	0.000000	3.687383
	481.000000	1.000000	3.839575
	481.200000	1.000000	3.824306
	481.400000	0.000000	3.688629
	481.600000	1.000000	3.642777
	481.800000	1.000000	3.879176
	482.000000	1.000000	3.715493
	482.200000	1.000000	3.914812
	482.400000	1.000000	3.891171
	482.600000	0.000000	3.917433
	482.800000	0.000000	3.833941
	483.000000	1.000000	3.957549
	483.200000	0.000000	3.977677
	483.400000	1.000000	3.758179
	483.600000	0.000000	3.700947
	483.800000	1.000000	3.749136
	484.000000	0.000000	3.883429
	484.200000	0.000000	3.889083
	484.400000	1.000000	3.991484
	484.600000	1.000000	3.832051
	484.800000	0.000000	3.823413
	485.000000	1.000000	3.837217
	485.200000	0.000000	3.782283
	485.400000	1.000000	3.856547
	485.600000	1.000000	3.706103
	485.800000	1.000000	3.827467
	486.000000	1.000000	3.708625
	486.200000	0.000000	3.848567
	486.400000	1.000000	3.805123
	486.600000	0.000000	3.877059
	486.800000	0.000000	3.884018
	487.000000	0.000000	3.934621
	487.200000	0.000000	3.721467
	487.400000	1.000000	3.807830
	487.600000	0.000000	3.915250
	487.800000	1.000000	3.730006
	488.000000	0.000000	3.740668
	488.200000	1.000000	3.721790
	488.400000	0.000000	3.871980
	488.600000	1.000000	3.730948
	488.800000	0.000000	3.733638
	489.000000	1.000000	3.729548
	489.200000	1.000000	3.691811
	489.400000	1.000000	3.646719
	489.600000	0.000000	3.910629
	489.800000	0.000000	3.690664
	490.000000	0.000000	3.524028
	490.200000	0.000000	3.733248
	490.400000	1.000000	3.872925
	490.600000	0.000000	3.755116
	490.800000	1.000000	3.747219
	491.000000	1.000000	3.570928
	491.200000	0.000000	3.705463
	491.400000	1.000000	3.792748
	491.600000	0.000000	3.758985
	491.800000	0.000000	3.810550
	492.000000	1.000000	3.926327
	492.200000	0.000000	3.916235
	492.400000	0.000000	3.676106
	492.600000	0.000000	3.847259
	492.800000	0.000000	3.680284
	493.000000	1.000000	3.693378
	493.200000	0.000000	3.749425
	493.400000	0.000000	3.781103
	493.600000	1.000000	3.769939
	493.800000	0.000000	3.824723
	494.000000	1.000000	3.896227
	494.200000	1.000000	3.708191
	494.400000	0.000000	3.823105
	494.600000	0.000000	3.803163
	494.800000	0.000000	3.930547
	495.000000	1.000000	3.696747
	495.200000	0.000000	3.617465
	495.400000	1.000000	3.800803
	495.600000	0.000000	3.818063
	495.800000	1.000000	3.689479
	496.000000	0.000000	3.903205
	496.200000	1.000000	3.752303
	496.400000	1.000000	3.686220
	496.600000	0.000000	3.789721
	496.800000	1.000000	3.825885
	497.000000	1.000000	3.783191
	497.200000	0.000000	3.703341
	497.400000	0.000000	3.789000
	497.600000	1.000000	3.861300
	497.800000	1.000000	3.925194
	498.000000	0.000000	3.685672
	498.200000	1.000000	3.765468
	498.400000	1.000000	3.734298
	498.600000	0.000000	3.790248
	498.800000	1.000000	3.900529
	499.000000	1.000000	3.865790
	499.200000	0.000000	3.819740
	499.400000	0.000000	4.018041
	499.600000	0.000000	3.799566
	499.800000	1.000000	3.832174
	500.000000	1.000000	3.922170
	500.200000	1.000000	3.935067
	500.400000	1.000000	4.046130
	500.600000	0.000000	3.848231
	500.800000	0.000000	3.930215
	501.000000	1.000000	3.634732
	501.200000	0.000000	3.783193
	501.400000	0.000000	3.789713
	501.600000	1.000000	3.841393
	501.800000	0.000000	3.849676
	502.000000	1.000000	3.755532
	502.200000	0.000000	3.714747
	502.400000	1.000000	3.951858
	502.600000	0.000000	3.820745
	502.800000	1.000000	3.899163
	503.000000	1.000000	3.905653
	503.200000	0.000000	3.892777
	503.400000	0.000000	3.898197
	503.600000	1.000000	3.989648
	503.800000	0.000000	3.896913
	504.000000	0.000000	3.906569
	504.200000	1.000000	3.890461
	504.400000	1.000000	3.790210
	504.600000	1.000000	3.897017
	504.800000	1.000000	4.035488
	505.000000	0.000000	3.735180
	505.200000	0.000000	3.822755
	505.400000	1.000000	3.878344
	505.600000	0.000000	3.829822
	505.800000	0.000000	3.728405
	506.000000	0.000000	3.946776
	506.200000	0.000000	3.776792
	506.400000	1.000000	3.928424
	506.600000	0.000000	3.923876
	506.800000	1.000000	3.829638
	507.000000	0.000000	3.839457
	507.200000	0.000000	3.956071
	507.400000	1.000000	3.845143
	507.600000	1.000000	3.759982
	507.800000	0.000000	3.824887
	508.000000	1.000000	3.868538
	508.200000	1.000000	4.094232
	508.400000	0.000000	3.919732
	508.600000	1.000000	3.950689
	508.800000	1.000000	3.797425
	509.000000	1.000000	3.751813
	509.200000	0.000000	3.811741
	509.400000	0.000000	3.829178
	509.600000	1.000000	3.739430
	509.800000	1.000000	3.756919
	510.000000	1.000000	3.809599
	510.200000	0.000000	3.810163
	510.400000	0.000000	3.824550
	510.600000	1.000000	3.979503
	510.800000	1.000000	3.858515
	511.000000	0.000000	3.917825
	511.200000	1.000000	3.815741
	511.400000	1.000000	3.763068
	511.600000	0.000000	3.846396
	511.800000	1.000000	3.790359
	512.000000	0.000000	3.801538
	512.200000	0.000000	3.802408
	512.400000	0.000000	3.935881
	512.600000	0.000000	3.586531
	512.800000	1.000000	3.847824
	513.000000	1.000000	3.870976
	513.200000	0.000000	3.907311
	513.400000	1.000000	3.868664
	513.600000	1.000000	3.838179
	513.800000	0.000000	3.673110
	514.000000	1.000000	3.667452
	514.200000	1.000000	3.749005
	514.400000	0.000000	3.839930
	514.600000	1.000000	3.807415
	514.800000	0.000000	3.720740
	515.000000	1.000000	3.793418
	515.200000	1.000000	3.862190
	515.400000	1.000000	3.713623
	515.600000	1.000000	3.857938
	515.800000	1.000000	3.916907
	516.000000	0.000000	3.827899
	516.200000	0.000000	3.782218
	516.400000	0.000000	3.700407
	516.600000	0.000000	3.779584
	516.800000	0.000000	3.673105
	517.000000	0.000000	3.679904
	517.200000	1.000000	3.819871
	517.400000	0.000000	3.822588
	517.600000	1.000000	3.612270
	517.800000	1.000000	3.610192
	518.000000	1.000000	3.794869
	518.200000	0.000000	3.687134
	518.400000	0.000000	3.717019
	518.600000	1.000000	3.949455
	518.800000	1.000000	3.743782
	519.000000	0.000000	3.671934
	519.200000	1.000000	3.806760
	519.400000	1.000000	3.670222
	519.600000	1.000000	3.707374
	519.800000	1.000000	3.816513
	520.000000	0.000000	3.882017
	520.200000	0.000000	3.683695
	520.400000	0.000000	3.999194
	520.600000	0.000000	3.820686
	520.800000	0.000000	3.751150
	521.000000	1.000000	3.727210
	521.200000	1.000000	3.894042
	521.400000	1.000000	3.698089
	521.600000	1.000000	3.743433
	521.800000	1.000000	3.898821
	522.000000	1.000000	3.764926
	522.200000	1.000000	3.818217
	522.400000	0.000000	3.857460
	522.600000	1.000000	3.704293
	522.800000	1.000000	3.789715
	523.000000	1.000000	3.754389
	523.200000	0.000000	3.682865
	523.400000	1.000000	3.688868
	523.600000	0.000000	3.772329
	523.800000	1.000000	3.950317
	524.000000	0.000000	3.835286
	524.200000	1.000000	3.692208
	524.400000	0.000000	3.598720
	524.600000	0.000000	3.715747
	524.800000	0.000000	3.654713
	525.000000	1.000000	3.745257
	525.200000	1.000000	3.667649
	525.400000	0.000000	3.929797
	525.600000	0.000000	3.750447
	525.800000	1.000000	3.684111
	526.000000	0.000000	3.710529
	526.200000	1.000000	3.758015
	526.400000	1.000000	3.786923
	526.600000	1.000000	3.686258
	526.800000	0.000000	3.605999
	527.000000	0.000000	3.687253
	527.200000	0.000000	3.871163
	527.400000	1.000000	3.745102
	527.600000	1.000000	3.664978
	527.800000	1.000000	3.817130
	528.000000	1.000000	3.745804
	528.200000	1.000000	3.818436
	528.400000	0.000000	3.780572
	528.600000	0.000000	3.643404
	528.800000	0.000000	3.702041
	529.000000	0.000000	3.700444
	529.200000	1.000000	3.771960
	529.400000	1.000000	3.771781
	529.600000	1.000000	3.645157
	529.800000	0.000000	3.836464
	530.000000	1.000000	3.584444
	530.200000	1.000000	3.915848
	530.400000	0.000000	3.813815
	530.600000	1.000000	3.719874
	530.800000	1.000000	3.697932
	531.000000	0.000000	3.671845
	531.200000	1.000000	3.787527
	531.400000	1.000000	3.738573
	531.600000	0.000000	3.756279
	531.800000	1.000000	3.669496
	532.000000	1.000000	3.635222
	532.200000	1.000000	3.965371
	532.400000	1.000000	3.740030
	532.600000	1.000000	3.743086
	532.800000	1.000000	3.837091
	533.000000	1.000000	3.549408
	533.200000	1.000000	3.842345
	533.400000	0.000000	3.647522
	533.600000	1.000000	3.640127
	533.800000	0.000000	3.851854
	534.000000	0.000000	3.671308
	534.200000	1.000000	3.670838
	534.400000	1.000000	3.601167
	534.600000	0.000000	3.843348
	534.800000	1.000000	3.858860
	535.000000	1.000000	3.852452
	535.200000	0.000000	3.717713
	535.400000	0.000000	3.672759
	535.600000	1.000000	3.707784
	535.800000	1.000000	3.567894
	536.000000	0.000000	3.736990
	536.200000	0.000000	3.655034
	536.400000	1.000000	3.714902
	536.600000	0.000000	3.708728
	536.800000	1.000000	3.686073
	537.000000	1.000000	3.805200
	537.200000	0.000000	3.696558
	537.400000	1.000000	3.691606
	537.600000	0.000000	3.824769
	537.800000	0.000000	3.771152
	538.000000	1.000000	3.694801
	538.200000	1.000000	3.809469
	538.400000	0.000000	3.641780
	538.600000	0.000000	3.806564
	538.800000	0.000000	3.666252
	539.000000	1.000000	3.634244
	539.200000	0.000000	3.855095
	539.400000	1.000000	3.686633
	539.600000	1.000000	3.773973
	539.800000	1.000000	3.653806
	540.000000	1.000000	3.624547
	540.200000	1.000000	3.682212
	540.400000	1.000000	3.792639
	540.600000	0.000000	3.858716
	540.800000	0.000000	3.719309
	541.000000	1.000000	3.638150
	541.200000	0.000000	3.699050
	541.400000	0.000000	3.659615
	541.600000	0.000000	3.720732
	541.800000	0.000000	3.721356
	542.000000	0.000000	3.756541
	542.200000	0.000000	3.780739
	542.400000	1.000000	3.710523
	542.600000	0.000000	3.823146
	542.800000	0.000000	3.814378
	543.000000	1.000000	3.772989
	543.200000	0.000000	3.736023
	543.400000	0.000000	3.927765
	543.600000	0.000000	3.818942
	543.800000	1.000000	3.833518
	544.000000	0.000000	3.764056
	544.200000	0.000000	3.813141
	544.400000	1.000000	3.822818
	544.600000	1.000000	3.815229
	544.800000	0.000000	3.747567
	545.000000	0.000000	3.767981
	545.200000	0.000000	3.829898
	545.400000	1.000000	3.910529
	545.600000	0.000000	3.700143
	545.800000	0.000000	3.789838
	546.000000	1.000000	3.786403
	546.200000	1.000000	3.744845
	546.400000	1.000000	3.652394
	546.600000	1.000000	3.616961
	546.800000	1.000000	3.855916
	547.000000	1.000000	3.697426
	547.200000	0.000000	3.861455
	547.400000	0.000000	3.890773
	547.600000	0.000000	3.808862
	547.800000	0.000000	3.530221
	548.000000	1.000000	3.790221
	548.200000	0.000000	3.866520
	548.400000	0.000000	3.835727
	548.600000	0.000000	3.791234
	548.800000	1.000000	3.735834
	549.000000	1.000000	3.759069
	549.200000	0.000000	3.833285
	549.400000	0.000000	3.663205
	549.600000	0.000000	3.870065
	549.800000	1.000000	3.997573
	550.000000	0.000000	3.918870
	550.200000	1.000000	3.841414
	550.400000	1.000000	3.802349
	550.600000	0.000000	3.868405
	550.800000	1.000000	3.763596
	551.000000	1.000000	3.804038
	551.200000	1.000000	3.833434
	551.400000	0.000000	3.806501
	551.600000	0.000000	3.940124
	551.800000	0.000000	3.811434
	552.000000	0.000000	3.740308
	552.200000	1.000000	3.915821
	552.400000	0.000000	3.862568
	552.600000	0.000000	3.862424
	552.800000	1.000000	3.756490
	553.000000	0.000000	3.717341
	553.200000	1.000000	3.932553
	553.400000	0.000000	3.820805
	553.600000	0.000000	4.078932
	553.800000	0.000000	3.672012
	554.000000	0.000000	3.713585
	554.200000	1.000000	3.896968
	554.400000	0.000000	4.008287
	554.600000	0.000000	3.848756
	554.800000	0.000000	3.980137
	555.000000	0.000000	3.933338
	555.200000	0.000000	3.896653
	555.400000	1.000000	3.789597
	555.600000	0.000000	3.918245
	555.800000	0.000000	3.857310
	556.000000	1.000000	3.919888
	556.200000	1.000000	3.926487
	556.400000	0.000000	3.743993
	556.600000	1.000000	3.863275
	556.800000	1.000000	3.855422
	557.000000	0.000000	3.869428
	557.200000	0.000000	3.883533
	557.400000	0.000000	3.829073
	557.600000	1.000000	3.842545
	557.800000	0.000000	3.863215
	558.000000	0.000000	3.932602
	558.200000	1.000000	3.836325
	558.400000	0.000000	3.907815
	558.600000	0.000000	3.979477
	558.800000	1.000000	4.028108
	559.000000	1.000000	3.752897
	559.200000	1.000000	3.912702
	559.400000	0.000000	3.944727
	559.600000	1.000000	3.763470
	559.800000	1.000000	3.871608
	560.000000	1.000000	3.770038
	560.200000	0.000000	3.815329
	560.400000	0.000000	4.086057
	560.600000	1.000000	3.927732
	560.800000	1.000000	3.832309
	561.000000	1.000000	3.806917
	561.200000	1.000000	3.851708
	561.400000	0.000000	3.659786
	561.600000	1.000000	3.778497
	561.800000	1.000000	3.810311
	562.000000	0.000000	3.711742
	562.200000	1.000000	3.730199
	562.400000	0.000000	3.834691
	562.600000	0.000000	3.679570
	562.800000	0.000000	3.723020
	563.000000	0.000000	3.900970
	563.200000	0.000000	3.825482
	563.400000	1.000000	3.780830
	563.600000	0.000000	3.818197
	563.800000	1.000000	3.804365
	564.000000	1.000000	3.937983
	564.200000	0.000000	3.856188
	564.400000	0.000000	3.687558
	564.600000	1.000000	3.768617
	564.800000	1.000000	3.568122
	565.000000	1.000000	3.789458
	565.200000	0.000000	3.715257
	565.400000	0.000000	3.808186
	565.600000	1.000000	3.737232
	565.800000	1.000000	3.754142
	566.000000	1.000000	3.596216
	566.200000	1.000000	3.877810
	566.400000	1.000000	3.625363
	566.600000	0.000000	3.675365
	566.800000	1.000000	3.741726
	567.000000	0.000000	3.619614
	567.200000	1.000000	3.755220
	567.400000	0.000000	3.744960
	567.600000	1.000000	3.657454
	567.800000	1.000000	3.651020
	568.000000	1.000000	3.593411
	568.200000	1.000000	3.628464
	568.400000	1.000000	3.563531
	568.600000	1.000000	3.771444
	568.800000	0.000000	3.541988
	569.000000	1.000000	3.649967
	569.200000	0.000000	3.647619
	569.400000	0.000000	3.803185
	569.600000	0.000000	3.846731
	569.800000	0.000000	3.702621
	570.000000	0.000000	3.569271
	570.200000	1.000000	3.753859
	570.400000	1.000000	3.672653
	570.600000	0.000000	3.827384
	570.800000	1.000000	3.715399
	571.000000	0.000000	3.619606
	571.200000	0.000000	3.717101
	571.400000	1.000000	3.697478
	571.600000	0.000000	3.652834
	571.800000	0.000000	3.539120
	572.000000	1.000000	3.657184
	572.200000	1.000000	3.594239
	572.400000	1.000000	3.627401
	572.600000	0.000000	3.596919
	572.800000	0.000000	3.644282
	573.000000	1.000000	3.677127
	573.200000	1.000000	3.736760
	573.400000	0.000000	3.715742
	573.600000	0.000000	3.656471
	573.800000	1.000000	3.535059
	574.000000	0.000000	3.439506
	574.200000	1.000000	3.525607
	574.400000	0.000000	3.658045
	574.600000	0.000000	3.648689
	574.800000	1.000000	3.612714
	575.000000	0.000000	3.557913
	575.200000	0.000000	3.648263
	575.400000	1.000000	3.653166
	575.600000	0.000000	3.616681
	575.800000	0.000000	3.611830
	576.000000	1.000000	3.593579
	576.200000	0.000000	3.523977
	576.400000	1.000000	3.623640
	576.600000	1.000000	3.616545
	576.800000	1.000000	3.521666
	577.000000	1.000000	3.533156
	577.200000	1.000000	3.493577
	577.400000	1.000000	3.701689
	577.600000	0.000000	3.583185
	577.800000	1.000000	3.749893
	578.000000	1.000000	3.671553
	578.200000	0.000000	3.637125
	578.400000	0.000000	3.442039
	578.600000	0.000000	3.569082
	578.800000	0.000000	3.589763
	579.000000	1.000000	3.543633
	579.200000	0.000000	3.519384
	579.400000	0.000000	3.792097
	579.600000	0.000000	3.456855
	579.800000	0.000000	3.470530
	580.000000	0.000000	3.378818
	580.200000	0.000000	3.537108
	580.400000	0.000000	3.489874
	580.600000	0.000000	3.420691
	580.800000	1.000000	3.707957
	581.000000	1.000000	3.425005
	581.200000	0.000000	3.468187
	581.400000	0.000000	3.660113
	581.600000	1.000000	3.630188
	581.800000	1.000000	3.678623
	582.000000	0.000000	3.766704
	582.200000	0.000000	3.609772
	582.400000	0.000000	3.575728
	582.600000	0.000000	3.450756
	582.800000	0.000000	3.567818
	583.000000	1.000000	3.556618
	583.200000	0.000000	3.566236
	583.400000	1.000000	3.539731
	583.600000	1.000000	3.543951
	583.800000	0.000000	3.688290
	584.000000	1.000000	3.449343
	584.200000	1.000000	3.638390
	584.400000	1.000000	3.458104
	584.600000	1.000000	3.571751
	584.800000	0.000000	3.734716
	585.000000	0.000000	3.646635
	585.200000	0.000000	3.617317
	585.400000	1.000000	3.606295
	585.600000	0.000000	3.547478
	585.800000	1.000000	3.563208
	586.000000	1.000000	3.599172
	586.200000	1.000000	3.683003
	586.400000	1.000000	3.673705
	586.600000	0.000000	3.652436
	586.800000	1.000000	3.558322
	587.000000	0.000000	3.661406
	587.200000	0.000000	3.414630
	587.400000	1.000000	3.550768
	587.600000	0.000000	3.554553
	587.800000	1.000000	3.606404
	588.000000	0.000000	3.531845
	588.200000	1.000000	3.720495
	588.400000	0.000000	3.685853
	588.600000	0.000000	3.484958
	588.800000	0.000000	3.533574
	589.000000	0.000000	3.510082
	589.200000	0.000000	3.426357
	589.400000	1.000000	3.656178
	589.600000	0.000000	3.540902
	589.800000	1.000000	3.596787
	590.000000	0.000000	3.566054
	590.200000	0.000000	3.731138
	590.400000	0.000000	3.675586
	590.600000	1.000000	3.531232
	590.800000	1.000000	3.554975
	591.000000	1.000000	3.514927
	591.200000	1.000000	3.654933
	591.400000	0.000000	3.466306
	591.600000	0.000000	3.520899
	591.800000	1.000000	3.561724
	592.000000	1.000000	3.584217
	592.200000	0.000000	3.591800
	592.400000	1.000000	3.479277
	592.600000	0.000000	3.492906
	592.800000	1.000000	3.473846
	593.000000	0.000000	3.580728
	593.200000	0.000000	3.754571
	593.400000	0.000000	3.575647
	593.600000	0.000000	3.563591
	593.800000	1.000000	3.646782
	594.000000	0.000000	3.489890
	594.200000	1.000000	3.508478
	594.400000	1.000000	3.541778
	594.600000	0.000000	3.486407
	594.800000	0.000000	3.532360
	595.000000	1.000000	3.551110
	595.200000	0.000000	3.555690
	595.400000	1.000000	3.580169
	595.600000	0.000000	3.602934
	595.800000	0.000000	3.601472
	596.000000	1.000000	3.577696
	596.200000	1.000000	3.525488
	596.400000	0.000000	3.516305
	596.600000	1.000000	3.683215
	596.800000	0.000000	3.430026
	597.000000	0.000000	3.677272
	597.200000	1.000000	3.407102
	597.400000	1.000000	3.514171
	597.600000	1.000000	3.610310
	597.800000	0.000000	3.470099
	598.000000	1.000000	3.466159
	598.200000	1.000000	3.524993
	598.400000	0.000000	3.585768
	598.600000	1.000000	3.427585
	598.800000	0.000000	3.473351
	599.000000	1.000000	3.611825
	599.200000	1.000000	3.541986
	599.400000	1.000000	3.471598
	599.600000	0.000000	3.449242
	599.800000	1.000000	3.533427
